Proteins,log2 N2_d5_01,log2 N2_d5_02,log2  N2_d5_03,log2 N2_d5_04,log2 N2_d1_01,log2 N2_d1_02,log2 N2_d1_03,log2 N2_d1_04
G5ED33,23.8555,23.2074,23.9511,24.3365,24.8468,23.9004,24.6549,23.9741
G5ED33,21.9286,21.3864,20.4347,21.5976,22.9767,21.3006,23.4415,24.2209
G5ED33,23.4835,24.2371,23.8393,24.4495,24.2699,24.7744,25.4171,23.4405
G5ED33,22.9099,24.0892,24.2362,23.2418,22.3228,21.8681,21.4144,22.0872
G5ED33,21.8965,20.3186,22.5549,23.1651,24.7362,21.1441,22.3274,22.6511
G5ED33,21.1765,21.0658,21.4885,21.6995,24.9703,23.7241,27.9301,25.1328
G5ED33,20.9889,21.6704,22.3464,22.0644,24.5897,21.9928,23.9204,24.0392
A0A061ACQ8,23.9196,24.8655,24.899,26.1364,25.6579,24.0864,25.428,23.6614
A0A061ACQ8,21.5992,20.809,20.9413,21.1447,21.5261,20.9082,20.5508,21.2494
A0A061ACQ8,27.2762,26.8353,26.7459,27.5041,27.8981,25.671,23.7275,25.777
A0A061ACQ8,27.2762,26.8353,26.7459,27.5041,27.8981,25.671,24.3702,25.777
A0A061ACR1,24.8872,25.1844,24.1479,24.599,24.8919,24.3733,23.3201,24.3334
A0A061AL01,21.2511,21.1867,18.9654,20.3907,21.4876,20.4071,19.1027,21.2229
A0A061AL01,23.1739,22.0387,21.808,22.5403,22.4827,21.9031,22.7817,20.8327
B3GWD8,21.5379,19.9172,21.2065,19.3403,21.8025,21.2305,21.2327,21.3365
B3GWD8,21.8973,21.7259,21.2138,21.8058,21.6807,20.9138,20.3555,20.8815
B3GWD8,21.6392,21.0082,21.3492,20.8212,22.4631,23.3466,23.5005,23.4366
A0A061AD09,21.3986,21.2608,21.4654,21.2513,21.5062,20.4952,21.0376,21.3714
Q3S1I9,21.2028,21.0694,20.5769,21.3834,21.8584,19.6352,20.7846,20.7815
Q3S1I9,21.6606,21.3918,20.915,21.4468,21.5356,21.1871,20.1814,21.3339
G5EDF9,22.3729,22.3957,21.4728,22.4389,24.1315,22.8015,20.8969,22.766
G5EDF9,22.3368,21.5555,21.7559,21.8566,23.9311,24.08,23.9537,22.6179
G5EDF9,21.2489,20.283,21.2956,19.8853,22.76,21.6825,23.0431,22.6419
A0A0K3AQS9,21.9577,20.3436,19.9513,21.6882,20.8844,20.5834,20.5976,20.7259
A0A0K3AQS9,23.824,24.2237,24.7437,25.3436,25.6561,23.6395,24.8017,24.4926
A0A0K3AQS9,25.9499,27.0139,26.7184,26.2778,23.5659,24.066,23.2581,25.0997
A0A0K3AQS9,23.6729,23.1417,24.9478,24.9932,22.3292,22.883,23.1855,23.2034
A0A0K3AQS9,24.0717,23.4302,22.9369,23.4216,24.4751,23.6704,22.5505,22.1758
A0A0K3AQS9,26.349,25.7396,28.6875,27.9636,27.0311,23.825,23.132,25.4939
A0A0K3AQS9,25.3626,25.5536,25.8357,26.6962,24.1379,21.8971,20.4928,23.1852
A0A0K3AQT4,21.7925,21.4862,20.6125,21.7089,21.1342,21.0676,21.3159,21.0689
A0A0K3AQT4,21.2213,20.6539,21.3595,21.6727,21.5296,20.7628,21.0501,20.9683
A0A0K3AQT4,26.9802,27.5772,24.8865,26.698,27.2704,24.6571,22.4098,25.6652
A0A0K3AUF2,24.6033,26.5485,25.5014,26.25,24.1907,23.856,26.4937,25.293
A0A0K3ARB5,21.0321,20.6476,20.909,19.3567,20.9736,19.8905,19.8582,21.2968
A0A0K3ARB5,21.3307,20.4895,21.1832,21.6788,21.719,20.5158,19.1962,19.7462
A0A0K3ARB5,22.6,21.0657,21.8268,22.8644,21.4565,21.1337,21.3257,20.1905
A0A0K3AS90,21.7563,20.9889,21.1133,20.1818,21.345,20.7845,20.9709,21.2185
A0A0K3AWX1,22.1248,23.6775,23.6823,22.4424,20.5952,21.1569,20.2451,20.6194
A0A0K3AWX1,21.9468,19.9293,21.1922,21.8962,21.2589,20.7377,20.2561,20.7478
A0A0K3AVS5,23.465,22.3017,23.5394,22.8507,23.628,24.8086,23.2801,24.7292
A0A0K3AW96,23.5389,22.7835,23.635,22.5729,24.5966,23.7813,23.7407,25.0312
A0A0K3AW96,24.9522,23.5613,23.0364,22.5249,24.8421,22.4087,21.6094,21.9022
A0A0K3AW96,24.9466,23.9871,23.9962,24.7973,27.197,25.0786,22.8459,25.8439
A0A0K3AW96,23.8979,23.0221,24.3683,23.2894,24.8787,23.1273,22.027,23.073
A0A0K3AWB0,24.8829,24.2192,25.0415,24.1295,24.3776,25.7191,24.2234,24.9402
A0A0K3AWB0,21.3795,22.2431,24.3223,24.1208,21.8025,23.1578,24.0246,23.5749
A0A0K3AWM6,26.7002,26.3703,23.8664,25.3843,24.4153,23.2446,22.9447,22.798
A0A0K3AXE0,21.5984,20.8447,21.1628,20.043,21.8107,20.6244,20.4591,21.4094
A0A0K3AXT9,23.091,22.314,21.3517,22.2208,21.9272,20.2788,20.7855,21.1803
A0A0K3AXT9,23.1995,23.1103,22.5907,23.4123,21.8816,20.9136,20.6568,20.0859
A0A0K3AXT9,21.0903,20.3276,20.5,21.1932,20.9535,20.1235,20.9864,21.0461
A0A0K3AXT9,24.9417,22.9695,24.0447,25.0233,19.1698,20.3715,23.7548,25.0392
A0A0K3AY44,21.718,20.6425,21.9202,22.8842,22.3302,23.9248,23.1523,23.879
A0A0K3AY44,21.8112,21.4014,20.9117,20.0854,21.6842,20.5563,20.7241,21.3145
A0A0K3AY85,24.8996,24.8557,22.1453,23.861,25.4942,24.6612,23.7519,22.8119
A0A0K3AY85,21.2685,20.0667,21.3877,21.8274,22.8706,23.0196,22.2356,24.266
A0A0K3AYE8,27.9055,27.0344,27.5142,26.667,22.4384,24.5147,24.2352,22.7816
A0A0M7RFG7,21.2617,21.7142,20.3843,21.4964,22.1248,22.099,22.7431,21.2307
A0A0S4XRR1,24.4258,22.9297,24.3081,23.7522,21.1807,20.4396,21.3225,21.3997
A0A0T7CIX3,21.6439,21.5395,19.9315,21.6258,24.8942,24.1029,25.9055,24.0082
A0A0T7CIX3,21.3052,20.7546,21.0599,21.2222,21.0406,21.248,20.9348,20.3489
A0A0T7CIX3,21.269,20.3956,20.863,22.8918,23.3789,22.8895,20.8006,22.9397
A0A131MBQ6,24.9599,26.4599,24.8678,25.0134,25.1108,26.1567,25.8829,25.2848
A0A131MCJ5,22.3347,23.0865,22.1952,23.197,23.1595,23.2072,24.6513,24.1212
A0A131MD51,23.9651,23.6088,24.0779,23.4445,20.867,21.1862,20.7891,20.8594
O16293,21.9341,19.9444,21.4413,20.7045,21.6274,20.1542,21.3373,20.2275
O02147,22.8932,22.4723,23.4205,23.8374,24.4651,24.1807,23.4572,24.2615
F3Y5Q3,20.6423,21.2153,20.9879,21.7316,21.9272,20.9851,21.1849,20.5479
Q9N350,23.3747,22.079,22.1664,22.4012,23.4188,22.5584,26.8347,23.4788
Q9N350,24.1499,24.1082,22.3118,24.3778,24.2873,22.7752,23.5959,22.11
A0A1N7SYR3,20.8211,20.3356,21.5111,21.2207,21.695,21.2506,20.1661,19.7916
A1IMB7,23.5733,21.7845,22.8928,22.3574,21.1346,20.6906,21.0994,20.4001
A3QMB7,19.9455,20.6474,20.1293,21.8976,20.7533,20.264,20.5696,21.0339
J7SF86,20.7098,21.5219,20.5711,21.7545,21.7961,20.2847,20.5564,20.116
U4PRJ1,21.8276,20.8291,20.0543,20.3575,21.6964,20.9746,20.8258,21.3205
A5JYX4,21.5185,20.5444,20.9012,21.6549,24.2108,23.1112,23.859,21.3045
A5JYX4,23.8395,23.0608,23.9176,25.3203,26.0093,22.103,25.3166,25.5269
A5JYX4,20.7993,19.6805,20.9888,21.5947,21.5335,20.9716,19.4306,20.4544
A5JYX4,21.698,21.3442,21.4864,21.7275,22.6773,22.232,21.6404,22.4295
A5JYX4,21.0697,20.5825,19.883,20.5889,22.6773,22.232,24.1891,24.6567
A5PEY0,27.4033,26.922,25.801,26.8877,25.4644,22.8952,23.3948,23.1835
I2HA81,26.6272,25.9055,27.2079,26.4594,26.4924,25.37,25.1078,24.4062
A5Z2W7,20.8655,20.101,21.3691,21.1898,22.5596,22.6869,23.4988,22.4997
A5Z2W7,24.4835,24.6633,24.3086,24.2365,21.968,21.1502,21.3301,20.8869
A6PVA5,21.99,22.4947,22.7624,22.5354,27.5735,23.9388,24.4157,22.9424
Q20621,21.6043,20.7484,20.4864,21.8316,21.3146,20.6435,20.8705,20.5577
A7DT41,19.6347,21.7686,21.4388,20.9624,23.0492,22.3925,24.97,22.0553
A7DT41,21.7511,20.3296,20.3976,20.8546,21.4522,20.5941,20.7678,21.2938
A7DT41,24.5874,23.6456,22.4487,24.0283,25.3521,24.2168,23.9424,23.4319
A7DT41,21.5633,20.72,20.9932,21.6218,21.412,19.658,21.3901,21.2744
A7DT41,24.3909,24.2133,23.16,25.5037,24.1845,20.9528,23.4102,23.4571
A7DT41,24.1986,24.159,23.8291,25.9958,24.5448,23.4025,23.1043,23.8193
Q9XWW2,21.8746,21.5367,20.9151,21.1353,21.3288,21.232,20.8383,21.4169
Q9XWW2,21.433,21.69,21.3709,21.6366,21.5198,20.3758,21.1726,21.0898
A7LPD6,21.6743,19.8499,20.6275,20.6893,21.7712,21.1057,21.3015,21.3149
A7LPD6,24.8229,24.2219,24.4056,24.2488,24.3295,22.7091,22.7206,23.6534
A7LPE6,21.5082,20.64,20.72,21.4235,21.5275,21.2404,20.8049,20.7134
Q5FC71,20.5514,21.6184,20.6376,21.4186,20.3206,21.0849,20.6799,20.3585
Q5FC71,25.0205,24.5169,25.2637,24.6008,23.178,21.7079,23.041,22.4926
Q5FC71,25.4537,24.8747,25.349,26.1034,23.473,22.5561,23.3486,23.2706
Q5FC71,29.3894,25.8352,26.9694,28.0083,23.4473,25.6413,23.8265,24.7489
Q5FC71,31.8317,31.9517,32.0767,32.8714,30.5159,28.3956,27.4724,27.457
Q5FC71,21.8161,21.795,21.4124,21.324,21.1731,21.0306,20.6905,20.6821
A8WFH7,24.3507,24.0027,24.0837,23.2815,21.9383,21.0262,21.0937,21.3629
A8WFH7,21.6912,21.455,21.1615,20.8753,21.6483,21.1861,21.274,20.5321
A8WFH7,25.4484,24.5444,25.3189,25.973,21.9007,20.8866,21.1112,20.8968
H2KYH9,20.856,19.8511,21.1275,21.5647,20.9452,20.3794,21.3666,20.8089
A8WHP8,25.9795,23.7884,24.1989,25.6944,21.0232,20.9093,20.3694,20.2612
A8WHP8,21.4067,20.6294,20.3271,21.3441,21.4926,20.4379,20.3095,20.0491
A8WHP8,20.6801,20.7892,20.8094,21.5652,21.8556,21.2609,20.4131,21.153
A8WHP8,20.5494,21.4381,20.9353,21.7761,21.055,20.9253,21.3503,20.5017
A8WHP8,20.6053,21.1263,21.0482,20.5405,21.2944,20.9086,20.4398,21.4136
A8WHP8,21.6531,21.7826,21.1732,20.804,21.8871,20.6285,21.2773,21.3874
A8WHP8,27.3389,24.6685,24.4938,25.1839,23.2677,24.7549,24.1846,22.9503
A8WHP8,19.8402,21.3724,20.8171,21.6808,22.3801,22.2303,22.1913,23.5533
A8WHP8,20.9013,20.9918,20.9498,21.8694,21.0094,20.4796,20.4503,20.9462
A8WHP8,21.6727,20.885,21.2466,21.206,21.5321,20.7202,20.872,20.2321
A9UJN7,23.6844,22.0823,21.9277,22.9472,21.261,21.0153,20.4617,21.3037
A9UJN7,21.3487,20.1665,21.3505,21.8295,24.5306,25.2145,23.6747,23.5798
A9UJP1,21.7495,21.4073,20.976,21.7883,21.4518,21.1751,19.9734,21.4049
A9UJP1,22.4597,23.5879,23.175,23.6967,21.2025,20.9375,21.0627,21.0856
A9UJP1,22.7035,22.3939,20.4529,21.9649,23.9156,22.1042,21.0743,20.8243
A9UJP1,22.8473,21.9395,23.1153,22.7369,24.8843,20.9237,22.3069,21.0457
A9Z1K9,19.9231,20.6072,20.2105,21.8903,21.8829,20.2243,20.7176,21.3981
B0M0L8,25.0669,24.6252,24.1689,25.7503,23.4622,22.0198,21.9639,23.0405
B0M0L8,26.4042,26.784,27.2719,26.8728,25.6005,26.2634,27.5623,27.6125
B0M0L8,21.771,21.5422,20.5958,20.3997,21.1606,21.1918,21.1776,20.465
B0M0L8,21.6254,21.426,19.2773,20.1796,23.4548,20.7018,23.2471,21.3577
B0M0N4,21.5457,20.9462,20.6301,21.7356,21.6374,20.5461,20.3349,21.4086
B0M0N4,24.3545,24.1015,24.2058,24.8165,23.9416,23.9374,21.9504,22.5869
B0M0N4,21.8675,21.4405,21.0146,21.0157,21.2342,21.0938,20.6816,20.849
B2D6M4,26.2487,26.0746,26.1457,25.9289,28.4802,23.7904,26.005,25.9466
B2D6M4,20.7393,20.1756,20.1562,20.8222,24.9736,22.7269,25.7027,23.5296
B2D6P1,21.3708,20.4166,21.3986,21.5525,21.89,20.7663,20.8738,21.4188
B2D6P1,23.9889,21.1143,22.8276,23.5128,20.6732,20.497,20.5497,21.3869
B3CKG1,20.8366,21.7237,21.4584,21.8401,20.4696,21.1678,21.1164,20.393
B3WFT8,23.8234,24.3407,21.4686,22.4335,24.1572,21.3356,22.264,22.2322
E1B6S9,20.6909,21.0804,20.911,21.741,21.8755,20.8551,21.1529,20.6491
G5EC65,21.3563,21.128,20.5632,21.017,20.6342,20.5365,21.3086,21.1788
B3WFW7,20.8087,21.4767,20.661,20.7372,21.6564,19.9752,20.6999,20.4518
B3WFY5,25.0722,24.9864,24.7046,24.418,24.3361,22.2086,20.8543,22.6177
B3WFY5,25.6881,24.9888,24.1979,25.6228,25.2606,25.6371,24.2254,24.6313
B3WFY5,25.0238,23.2217,22.8008,24.0372,21.8475,20.8262,20.2425,21.2122
B5BM23,23.2426,22.4601,22.0897,21.8175,20.8511,20.8173,21.3685,21.4045
B5U8N2,21.2931,21.1508,20.4474,19.8255,20.9623,21.1629,20.9435,19.7158
B5U8N2,24.4357,23.3494,25.0926,25.4901,21.9108,20.9403,21.1293,21.0155
B5U8N2,21.2548,20.1523,20.9375,21.2505,21.6035,20.4234,20.8624,21.2641
B6VQ78,24.1792,21.6598,22.4392,23.7967,20.3301,21.1531,20.9921,20.4219
B6VQ78,21.911,20.9375,19.6359,19.6854,21.7015,20.8772,20.8378,20.6811
B6VQ78,23.041,23.199,23.8769,23.2785,21.3109,21.1032,20.8876,20.4697
B6VQ78,21.4422,21.7248,20.7787,21.7891,21.2737,19.9373,20.7188,19.9678
D9PTN8,20.4434,21.1005,20.4689,20.7574,21.5179,19.9372,20.8101,20.819
B7WN71,21.6426,21.3774,22.014,22.5013,20.6509,21.0606,20.9516,21.2993
B7WN95,25.54,25.4733,23.0685,23.5677,23.6545,23.6426,23.7851,23.8004
B7WNA1,21.9873,20.5899,20.9067,21.6393,25.063,24.3442,24.8811,25.0327
B9ZSG9,23.123,23.9696,22.4336,22.6807,24.3338,23.6515,23.0454,23.8972
C1P636,28.6917,28.3212,27.399,28.6877,28.1348,25.807,25.7378,25.8324
C1P636,23.4633,22.0191,22.4369,24.013,22.5634,21.3879,19.6426,22.1402
C1P636,27.8327,27.0434,26.8239,27.0193,29.5716,26.7085,28.3355,27.7339
C1P636,25.2971,24.2513,24.2115,25.242,21.3669,20.2532,21.2229,21.4144
C1P636,21.7011,20.6463,20.9351,20.9927,24.762,24.5635,24.3927,23.9698
C6KRI9,19.4767,21.1637,20.9227,20.3708,22.3659,22.2663,24.2502,22.3208
C6KRJ1,24.4959,25.1803,24.5876,24.9174,21.2626,20.6756,20.0427,20.9836
C6KRJ1,20.3136,19.3152,21.1426,21.6047,20.3283,20.404,21.1907,20.1934
C6KRL2,20.7115,19.9717,20.3784,21.3875,23.0431,21.9074,21.3555,20.478
C6KRL2,24.9609,23.8074,24.1593,25.5308,20.8562,20.5113,21.1452,21.3433
C6KRL2,20.601,21.7613,20.2862,21.7961,20.182,20.4313,20.6707,21.3595
C6KRN1,21.8475,21.0194,21.1391,21.2472,21.2271,21.1854,21.1812,20.6375
C6KRN1,20.8672,22.2583,22.1751,21.6872,24.1883,22.7178,21.1276,23.7962
C7GIK1,24.1429,24.7102,24.3196,25.0001,23.6246,22.9265,23.0686,21.6752
D0IMZ5,21.4059,21.4571,20.162,20.2933,20.3637,20.2484,20.6917,21.2716
D0IMZ5,21.0414,21.0617,20.7607,21.7131,21.7987,20.5935,20.77,20.7443
D0PV95,19.8041,20.6465,20.9017,21.2715,21.7354,21.0298,21.0726,19.4831
D0Z5P0,23.7733,23.368,22.1273,23.2128,21.6852,20.0233,21.2088,21.325
D0Z5P0,21.5469,21.2464,19.8034,20.8392,20.8272,21.215,21.1002,21.0753
D0Z5P0,23.0573,21.939,21.0128,21.549,24.0986,26.7054,25.8866,26.2077
Q22832,25.3912,23.9264,22.2568,24.643,21.5334,21.2143,21.0244,21.3546
Q22832,21.8129,20.9894,21.229,21.6336,21.6843,21.1874,21.291,21.3982
Q22832,25.357,24.5592,24.4791,24.4851,26.2281,24.2209,23.5277,25.3317
Q8WQB8,21.8987,22.5055,23.1307,21.6378,21.7144,20.8788,20.2655,19.9798
D3NQB5,21.4958,20.9836,21.5373,21.1974,21.7707,20.2087,19.9619,20.6796
D3YT77,21.9146,21.4443,20.5281,21.4169,23.9252,26.2417,25.21,21.5748
D3YT77,21.9542,21.7244,20.4784,20.969,25.2045,25.3242,26.9926,24.6673
D4YWC3,22.8048,25.0214,23.4421,23.3507,23.4471,23.236,22.3357,24.3212
D4YWC3,24.2399,22.7062,25.1807,25.2217,26.1486,24.729,26.4932,24.6939
D4YWC3,27.6246,26.2535,24.1034,26.6736,21.2551,21.134,20.2117,20.8292
D4YWC3,22.4649,22.989,20.9466,22.6336,25.1034,23.7483,24.1176,24.3313
D4YWC3,25.8466,25.8495,26.585,26.7227,27.0011,24.2437,22.6588,24.0646
D4YWC3,23.2705,23.6943,25.44,25.5842,24.1467,22.0862,22.4634,21.6024
D4YWC3,23.8391,24.4358,24.8236,25.3222,23.9747,23.3692,22.7418,24.0278
D5MCN2,20.5319,20.6526,18.8036,21.1469,21.8316,21.2538,21.1218,21.4122
D5MCQ2,20.5478,21.5307,21.1328,21.5937,23.1296,22.6294,22.4313,21.2239
O17698,20.9375,21.6223,21.4829,21.7561,26.5099,25.2543,25.859,26.0455
D5SGZ9,21.5205,21.2703,20.0471,21.9273,21.7111,20.7889,20.7596,20.3285
D5SGZ9,20.9487,21.4707,20.1499,21.3013,21.7952,21.0573,21.2985,20.4663
D5SGZ9,21.8157,20.2852,20.0402,20.4983,21.5747,20.6961,20.9236,20.3155
D6R8W5,20.3161,20.9842,20.3432,21.5452,21.8517,21.0001,20.7294,21.0364
D6VPA0,21.2065,21.7627,21.3279,20.4193,20.774,21.017,21.3026,19.7973
D7SFI3,24.4316,23.9425,23.3125,24.263,21.5655,21.2001,21.2905,20.7814
D7SFI3,26.227,24.6542,25.4407,26.663,24.8145,23.4559,23.2579,24.449
D7SFI3,24.5447,23.395,22.6072,25.6621,21.4772,21.2111,20.2224,21.349
D7SFP5,21.7262,20.711,20.5624,21.7654,22.8341,20.879,21.7307,22.9202
D7SFP5,23.706,22.1909,23.5963,24.9782,23.7972,21.8044,20.9752,20.0429
D7UU24,21.4357,21.5622,21.1154,21.7949,21.2155,20.9823,19.5324,20.6371
D7UU24,21.117,20.5229,21.2674,20.1553,21.7015,20.6867,21.0361,21.1399
Q9U3I3,21.8622,21.3348,20.7942,21.663,19.7537,20.6124,19.7965,21.0287
D9PTP5,21.4337,21.7804,21.5345,20.2924,20.9854,21.139,20.4305,20.885
D9PTP5,21.5166,20.873,21.4638,21.4654,21.0897,21.2598,20.6239,21.0372
D9PTP5,21.3184,21.5273,19.7784,21.4255,21.9736,19.0382,19.7984,21.4174
E0AHE1,21.6065,20.9979,19.3429,19.9882,23.0378,22.2929,21.3316,23.422
Q20396,24.3161,25.6732,23.9149,25.2713,21.2421,20.6982,20.0234,20.8198
E1B6S4,23.889,23.8399,23.0734,25.124,21.2369,21.1883,20.6177,19.776
E1B6U2,24.3535,24.9712,23.8996,24.2175,23.7337,22.7506,23.1413,24.8095
E1B6W0,25.8446,26.025,25.3421,25.8859,28.4906,26.3204,26.076,26.9407
E3W743,21.8025,20.4726,20.2842,20.6735,24.985,22.6477,23.868,23.027
E3W743,21.8821,21.6544,21.4855,21.9085,23.7183,23.9432,22.4888,22.3484
E3W743,21.6072,21.6657,21.3307,21.2918,24.1762,24.6532,23.4134,24.4509
E3W743,20.3305,20.9932,21.4088,20.6994,21.934,20.8901,21.1401,20.4977
E3W743,21.8786,20.6993,20.9927,21.7395,20.4669,21.1184,20.1245,20.434
E3W743,21.9063,21.5147,21.2479,21.3406,22.728,22.3632,20.5756,21.7667
E3W743,21.4665,20.0707,20.1552,20.6192,21.1771,21.106,20.6168,20.897
E3W743,22.6644,23.7843,22.193,22.1981,24.2037,24.099,23.4733,23.228
E3W743,21.4006,21.4386,19.7826,21.7317,24.9687,23.8218,23.6173,23.7432
E3W743,21.9082,21.0337,19.571,21.3764,21.3791,20.9886,21.2272,20.7153
E3W743,20.5914,20.4525,20.1791,21.4076,23.5428,24.3677,25.1857,24.6602
E3W743,20.797,20.3116,20.9251,20.9698,24.7024,25.561,24.5443,24.7651
E3W743,26.718,26.0773,25.4879,26.1418,30.0732,24.9371,23.2674,25.7456
E3W743,21.5254,21.1544,20.9267,20.7617,20.6848,19.1646,20.6873,20.2848
E3W759,21.8049,19.8537,20.9453,21.7305,20.7457,20.5547,20.4427,21.0517
Q21162,22.3058,22.6852,21.8727,22.7202,20.2162,20.6708,20.5076,21.3933
Q21162,20.8499,21.08,21.2007,20.9649,19.8448,21.2386,21.3443,20.9466
Q21162,25.7603,25.4249,23.5663,24.14,23.8383,22.9363,23.2485,24.5673
Q21162,23.3913,24.456,23.8687,24.6581,25.148,23.8594,25.9054,21.9546
F5GU98,21.9294,21.1839,20.7691,19.6559,24.5464,24.2456,23.7088,22.8311
F5GU98,27.4886,26.6176,27.2369,27.5002,29.7917,26.7292,27.6593,27.3145
F5GU98,25.2846,25.0817,25.0791,26.1552,25.277,24.0358,21.2253,22.8006
F5GU98,18.3867,20.188,21.0865,21.7958,23.7267,22.6404,25.1216,22.5127
F5GU98,24.0343,23.8194,23.5306,23.4437,25.1966,23.5161,25.2979,22.9145
F5GUH0,24.9709,23.1514,23.0486,22.3776,26.6805,24.6702,26.1119,24.1857
F5GUH0,21.5557,20.3086,21.5235,20.6784,23.7031,23.1508,24.3396,22.4573
F5GUH0,22.5926,21.2632,21.0606,20.9212,24.0732,22.7917,21.2644,24.1433
F5GUH5,23.9531,23.3923,23.9389,24.3012,21.3984,20.6689,20.5335,20.9693
F5GUH5,24.3907,25.1483,22.9269,24.8299,21.8907,21.2337,20.9863,21.3682
F5GUH5,21.3442,21.3134,21.0909,21.6567,21.3749,20.7821,20.9764,20.2108
F5GUH5,24.7918,24.0526,23.8662,24.7849,24.0567,23.2948,24.5214,24.3777
F5GUH5,24.8412,24.2869,22.2823,24.5663,21.9374,19.1751,19.8012,20.9531
F5GUH5,24.0659,22.9786,24.0144,23.7715,23.5061,24.246,23.7373,25.7784
F5GUH5,21.9476,21.1676,20.9931,20.8271,21.6497,20.4995,20.9559,21.1223
F5GUH5,22.2151,22.146,21.1638,21.5174,21.4328,20.4669,21.2464,20.2673
F5GUH5,23.201,23.7894,22.8834,23.4414,22.3574,19.575,21.8547,22.3802
F5GUH5,25.6912,24.1739,23.9608,25.0338,21.089,20.8356,21.1954,21.2325
F5GUH5,23.5463,24.1896,24.8442,24.6486,21.6825,21.1707,20.4599,20.6835
F5GUH5,21.3278,20.24,21.4339,21.1663,21.8422,21.2411,21.3886,20.6323
F5GUH5,24.2286,22.8323,22.3598,22.8905,20.7908,20.8976,20.975,20.2643
F5GUH5,20.4903,21.3406,20.9021,21.4988,23.705,24.1023,26.0372,25.9535
F5GUH5,24.6221,22.6941,23.1734,24.0114,23.1101,22.2412,23.1256,23.212
F5GUH5,21.3157,21.6738,21.2577,21.0506,20.806,21.0234,21.0423,21.2626
F5GUH5,24.0787,23.5214,20.5789,21.9023,20.2983,19.8742,21.1892,21.1874
F5GUH5,24.3011,24.423,24.0321,24.4461,27.1384,23.1634,23.8897,23.9181
F5GUH5,23.5908,24.7729,22.405,22.9512,21.2811,20.2822,21.0017,20.9653
F5GUH5,21.4889,19.9562,20.8592,21.3365,21.7775,20.4233,20.4673,20.9298
F5GUH5,21.7212,20.6641,20.3024,20.2182,21.8736,20.2303,20.0805,21.1189
F5GUH5,24.3149,24.9323,23.5274,24.1721,23.3975,21.5198,20.7532,23.0273
F5GUH5,24.7838,24.2486,23.2523,24.2731,22.6124,24.865,23.3004,25.0635
F5GUH5,21.5836,21.3959,21.3625,20.7792,21.2699,20.4666,21.1603,21.1011
F5GUH5,24.8195,24.4743,24.8829,24.9109,23.8333,22.9623,21.863,23.168
F5GUH5,24.0139,25.7262,24.087,24.8103,20.8217,19.8178,20.7708,21.2671
F5GUH5,21.5486,19.0441,21.2038,21.1828,20.4513,20.9661,20.9726,21.2039
F5GUH5,26.2942,27.2669,26.2201,26.7304,24.644,22.4074,23.5112,24.346
F5GUH5,25.2559,24.5921,24.1139,25.4178,23.7405,21.5219,21.4524,22.4193
F5GUH5,23.8614,21.9898,21.78,21.6486,21.0482,21.2269,21.3298,20.3456
F5GUH5,20.998,20.197,20.649,20.8398,21.4053,20.4489,20.4571,20.8539
F5GUH5,21.243,21.3115,21.3176,21.6266,20.0343,19.5597,20.9498,20.2725
F5GUH5,21.8858,21.7039,21.0757,20.0702,20.0233,20.7507,20.8344,21.2302
F5GUH5,24.3201,23.4805,23.1251,24.4579,22.7516,23.6564,22.3388,24.4357
F5GUH5,21.64,21.5059,21.3777,21.8333,21.2862,19.8779,19.6939,21.3131
G1K0V8,21.5168,21.0548,21.4171,21.8029,23.537,21.7755,21.9146,23.141
G1K0V8,21.6726,21.2205,20.2303,20.611,22.4765,21.7755,21.5306,22.4683
Q1ZXU6,25.3786,25.5,24.0095,24.7408,22.6716,21.889,22.4766,21.6801
G3MU14,21.7757,20.8904,21.044,21.8248,24.801,23.3667,23.667,25.0094
G3MU81,21.919,21.2958,20.9771,21.4123,20.9629,20.3044,21.3689,21.36
G3MU88,25.7336,25.1495,24.3956,24.7344,21.2546,20.1613,20.3148,21.2347
G3MU88,20.4205,21.3606,21.379,21.5264,24.3267,22.988,23.4645,23.2543
G4RTI0,21.4576,21.2388,20.9134,20.6735,24.3429,26.0069,24.3631,23.9923
G4S034,24.4083,23.7789,23.221,24.4655,24.7836,24.1942,23.828,23.7543
G4S034,24.3139,22.7713,22.3913,23.8995,23.7123,21.0194,19.3605,20.6747
G4S034,21.5146,20.0049,20.6995,21.3432,22.3641,21.468,20.2732,21.5622
G4S034,21.1107,20.0929,21.0038,21.5574,21.9004,21.1706,21.1109,20.0571
G4S1A4,20.6072,21.1066,21.2156,20.2257,24.652,23.9635,23.1566,23.1543
G4S1A4,26.4329,26.0387,26.0344,26.2928,27.8003,26.294,25.2421,21.3627
G4S1A4,21.8729,20.8104,20.7436,21.3789,20.8294,20.4775,21.1721,20.2269
G4S1A4,23.0217,24.0231,22.0611,22.9017,21.5569,20.3065,20.9347,21.2242
G4S1A4,22.7148,24.3488,23.1561,24.1173,23.4812,24.0465,24.4261,23.1856
G4S1A4,26.2799,24.4639,24.9168,25.7119,25.7707,24.7677,23.7863,22.4198
G4S3P8,21.945,20.2932,21.4831,21.571,21.9351,20.2021,20.8136,21.1421
Q20314,22.6269,23.2927,23.319,23.1633,24.0685,21.3828,22.6398,21.7003
G4SI07,21.451,20.3222,20.2979,21.529,20.9767,20.4074,21.2345,20.2753
G4SI07,22.2103,22.8781,21.7519,23.7276,21.395,20.0739,21.0154,21.3881
G4SL51,24.2604,23.3379,23.185,23.87,21.4023,19.38,20.1024,20.8053
G4SLH0,21.6624,21.6344,21.2428,21.6071,25.2114,25.1121,23.8643,24.2915
G4SLH0,20.7307,21.3628,21.5333,21.1087,20.8738,19.851,21.0274,20.8811
G4SLH0,21.0008,20.1658,21.0661,20.4059,21.603,21.1183,20.3718,20.9219
G4SLH0,21.5501,21.2926,20.0955,21.2368,26.5536,26.0381,26.5996,25.4023
G4SLH0,24.6756,24.9582,23.3046,24.5267,26.0651,24.2966,23.9726,23.3204
G4SLH0,20.6738,21.1081,21.2375,21.2773,21.8831,20.5716,21.304,21.3045
G4SPY1,23.1531,22.757,22.1267,22.4916,25.4018,22.1512,21.3906,22.2357
G4SRU7,23.7449,23.2098,23.0884,23.7137,25.1896,20.8791,22.4295,21.4787
G5EBF0,21.8743,21.0858,20.4089,20.7261,23.5275,23.9381,25.1775,24.836
G5EBF3,21.6222,21.728,20.5861,21.8745,25.1949,22.1236,23.502,25.8648
G5EBF3,21.0532,21.6956,20.0352,20.8398,21.306,20.4615,21.1824,20.766
G5EBF3,23.455,24.2373,24.7791,24.8377,25.2512,23.813,23.3523,22.7799
G5EBF3,21.9611,21.3805,21.2098,21.6854,21.3801,19.4993,21.0304,21.0357
G5EBF3,21.1975,21.6511,20.5822,20.7137,22.5156,22.4318,23.595,23.8307
G5EBF3,21.9252,19.6717,21.1063,21.9147,25.452,24.3663,26.5445,24.5134
G5EBF3,21.7645,20.2882,21.2943,21.2632,21.9752,20.6642,21.1334,21.0899
G5EBF3,20.8121,20.7529,21.4274,21.6308,25.6618,23.7541,22.6901,23.3643
G5EBF3,24.4516,25.1078,22.7493,24.5943,24.3805,23.1763,25.0592,24.0078
G5EBF3,22.7501,22.0748,21.4898,21.7759,23.8676,23.343,22.8281,22.8219
G5EBF3,24.8074,23.0524,25.3027,24.0903,24.5088,22.4778,23.7667,22.7213
G5EBF4,21.5367,21.3016,20.0446,21.4012,20.3238,20.0565,21.2469,21.0812
G5EGE0,21.2185,21.7853,20.1388,20.1428,21.363,21.1434,21.2513,21.4005
G5EBI0,21.9057,21.5987,21.3714,21.2052,23.9763,24.9064,22.7327,24.5236
G5EBJ9,23.1674,23.3677,23.2818,22.7638,27.1765,24.3361,24.4772,25.072
G5EBJ9,21.3416,21.1391,21.48,20.0488,25.5821,24.9181,24.9403,24.5361
G5EBJ9,24.2681,23.1841,22.3947,22.4993,27.2712,25.5408,24.6572,25.3053
G5EBJ9,22.6732,21.1213,21.5895,22.9826,25.4706,24.3349,25.5543,24.5914
G5EBJ9,23.5789,24.285,22.4546,23.5509,27.0179,25.849,26.1497,24.7839
G5EBK3,21.6034,19.3882,21.5096,20.6677,23.6459,21.1116,21.5881,23.2182
G5EBK3,20.5666,21.6708,19.6379,20.9876,21.9638,21.6315,22.8207,21.0284
G5EBK3,22.0414,22.4527,23.6491,22.9414,23.4929,23.4186,24.6097,24.2073
G5EBK3,21.0367,20.5302,20.1415,20.5028,23.0535,21.397,22.8894,22.1267
G5EBK3,21.2085,21.0591,20.9963,20.2306,21.9073,21.0996,21.1924,21.0545
G5EBK3,24.7073,23.1133,23.0435,23.5366,26.0918,21.0437,22.6222,23.4754
G5EBK3,23.5875,21.9107,21.0406,20.3659,21.161,20.1602,21.0805,21.1437
G5EBN9,23.8659,24.7048,23.3227,24.0122,24.3504,25.0257,23.4253,23.9246
G5EBN9,25.9906,25.9242,23.6213,24.8253,21.3001,22.1373,22.1767,23.5042
G5EBN9,20.8053,21.5073,20.1295,21.6281,22.9717,22.7166,21.2036,22.981
G5EBN9,20.6856,20.5082,20.243,21.8276,24.3366,23.9194,24.9992,24.0501
G5EBP5,26.2538,25.577,26.0814,25.9897,26.9852,24.8134,24.0109,26.6224
G5EBP5,21.0085,21.7099,20.557,21.0506,21.8992,20.9788,20.8057,20.9281
G5EBP5,25.0281,24.1843,24.95,24.304,26.1106,24.4545,24.3168,24.7015
G5EBP5,26.7447,26.3103,23.9424,25.7959,21.2912,21.1562,20.9991,20.8189
G5EBP5,27.7733,27.5001,28.3887,27.8353,27.1741,26.2895,27.6001,25.9017
G5EBP5,21.7477,21.4868,21.4049,20.6867,21.7281,20.9055,21.3524,20.1371
G5EBP5,21.288,21.417,20.6863,21.7419,20.3918,20.9002,21.1662,21.3876
G5EBP5,23.3866,23.7994,22.0614,23.673,23.1221,24.2957,22.7255,25.5371
G5EBP5,20.961,21.6721,21.2757,21.2733,21.1353,20.0006,21.3759,21.398
G5EBP5,28.2694,28.119,28.5132,28.1142,28.6555,26.337,25.7431,26.3853
G5EBP5,27.1332,27.3803,27.4963,28.1142,28.7875,26.1046,27.5617,27.2117
G5EBP5,26.5347,28.7308,27.0707,27.6074,21.0097,20.8309,21.3261,21.4152
G5EBR3,19.5264,21.1799,19.443,21.2497,21.3866,20.7499,20.8797,20.9047
G5EBR3,21.1427,21.4957,19.7069,21.6229,23.597,22.0205,23.5773,21.5275
G5EBT8,20.8112,21.7902,20.6077,21.2483,21.536,20.3966,20.9515,20.355
G5EBV4,24.8851,23.4976,21.5339,23.4771,23.8712,22.1667,23.5326,22.3481
Q965J2,24.3848,22.6233,23.2778,23.1648,20.506,21.0665,21.3375,21.2757
G5EBY4,21.4714,21.0593,21.2977,21.8109,24.0691,24.69,24.2913,23.6086
G5EBY6,21.8599,21.6977,18.6242,20.6404,21.2183,20.9887,21.1855,20.9916
G5EBZ4,21.144,20.6935,20.6551,21.3131,21.8382,20.544,20.1535,20.1231
G5EC03,21.5194,21.779,21.3128,21.7596,22.661,22.3037,25.5461,22.4904
G5EC05,21.6427,21.4681,20.7721,20.5362,21.8485,19.3983,20.9675,20.3939
G5EC10,21.6074,21.689,20.9212,21.6027,21.2119,21.1578,20.6765,19.5127
G5EC10,21.1133,20.9118,18.6763,21.4743,21.6229,20.6145,20.6699,20.9847
G5EC43,19.8222,20.4283,20.4707,21.3887,21.7263,21.166,21.248,20.5462
I2HAI6,24.4857,23.4194,23.5799,24.5716,25.0845,24.6458,23.46,24.6719
I2HAI6,21.4504,21.6637,20.3495,21.7755,21.4589,20.9029,20.3877,19.7838
I2HAI6,20.9155,20.3982,20.5611,21.7866,21.5104,20.2766,20.04,21.0605
G5EC78,21.0041,21.5832,19.8912,21.7884,19.9989,20.5416,20.8075,21.0417
G5EC78,27.0013,26.9928,27.2927,27.0071,25.6574,23.9689,26.2341,24.8657
G5EC78,21.7372,20.8747,20.491,21.4311,21.7096,20.0254,20.9265,21.2151
G5EC86,22.6007,23.8373,23.7527,23.0802,21.5762,21.1779,21.1365,19.7786
G5EC91,23.8691,22.9328,23.3076,23.9794,26.7289,23.829,22.6689,22.3888
G5EC91,21.7213,20.9818,20.0789,21.1964,25.4046,24.4546,23.9513,25.5793
G5EC97,23.013,22.4674,22.7652,23.116,22.0344,23.7739,22.024,21.4592
G5EC97,25.3914,24.7043,23.1033,24.1085,24.0232,22.0734,23.4592,24.0004
G5EC97,24.1133,24.1879,24.7665,24.2835,22.3286,22.9641,23.1261,21.9537
G5EC98,20.7447,21.5255,21.4417,21.4835,21.2846,20.733,21.0978,20.4587
G5ECC7,24.1174,24.6742,24.1923,24.4453,21.1517,19.0094,21.2068,20.8362
G5ECF6,24.5014,24.5954,23.9118,24.2857,23.6948,23.0271,24.6237,22.5954
G5ECG0,26.2574,26.0236,24.1132,24.1206,23.4317,22.7225,22.4191,22.1779
G5EFK7,21.1789,19.4869,21.0346,21.6934,21.961,21.0266,20.9862,21.1007
G5ECL1,22.5303,24.4074,23.9134,23.7803,23.7767,22.1716,21.2969,22.3161
G5ECM2,20.4708,21.7884,21.223,21.4382,21.4284,19.8362,20.8856,20.157
G5ECR7,25.1199,25.1213,26.5751,27.2598,24.3334,24.4985,25.5165,24.2786
G5ECT6,21.6423,21.4862,20.5827,21.2641,23.944,21.2169,22.8197,23.899
G5ECT6,21.9004,22.9501,22.0196,22.2081,25.0528,24.4153,25.8045,24.4734
G5ECU1,23.9094,23.2495,21.5843,23.3457,23.5825,23.0255,24.4667,21.47
G5ECY0,21.0857,20.393,20.714,21.8267,23.1027,21.6646,20.3141,23.2534
G5ECY0,21.9204,21.5455,20.2015,20.566,23.7975,22.3344,24.0667,22.3347
G5ECY4,27.8713,27.7166,26.1167,26.8768,28.8758,26.4713,27.4294,26.4862
G5ECY4,21.4605,21.6149,21.1415,19.9882,21.8866,21.2049,20.8501,20.7176
G5ECY6,21.741,21.671,21.157,21.8274,20.9928,21.2467,21.1721,20.7931
G5ECY6,22.3657,24.8064,22.9634,23.6696,24.1191,23.0115,21.7203,21.0371
G5ECZ1,21.4338,21.4811,21.5202,21.1653,24.663,22.6137,23.1763,22.8121
G5ECZ1,21.8286,20.1331,21.3032,20.5928,22.2165,20.9149,23.5451,21.8707
G5ECZ1,21.8811,19.6889,20.4334,20.2553,21.245,18.8236,19.9734,21.1759
G5ECZ1,21.4861,21.476,21.1522,20.9949,25.1827,25.2775,24.6041,24.5134
H9G337,24.7596,24.6793,24.1227,24.1684,24.7698,26.1358,22.3939,24.0047
G5ED30,22.9545,22.95,23.9546,25.0148,24.2486,24.0292,23.2927,24.069
G5ED44,21.0709,21.2271,21.0335,21.3956,21.5965,19.8151,20.9023,20.1802
Q5FC45,23.9058,22.9586,24.4908,24.9006,24.6941,24.3866,24.8782,22.7744
Q5FC45,21.6407,21.4783,20.8235,21.343,24.8273,24.4207,24.0538,23.3504
Q5FC45,27.8121,28.2973,28.1796,28.141,27.4571,23.783,22.3975,24.2906
G5ED91,26.182,24.8186,25.7918,26.7345,25.6795,25.099,26.3415,27.7128
G5EDB7,32.1637,30.5615,25.1662,19.4951,18.4519,19.5968,20.9366,20.8642
G5EDD4,25.6935,23.1418,24.846,26.6379,24.8326,23.9641,24.711,22.8232
G5EDD4,28.4432,27.7192,28.4521,28.8374,27.9662,26.7127,25.8343,26.13
G5EDD8,21.3276,18.5922,19.853,21.5714,20.6723,20.5765,21.3642,20.9149
G5EDD8,21.6335,21.6822,18.7089,20.6657,21.8943,20.3472,20.43,21.0294
G5EDD8,20.6489,21.674,21.3419,21.3666,23.8582,21.2038,22.4298,21.5467
Q8WSN6,21.672,21.2485,21.4145,21.8506,20.7214,20.2188,20.1531,21.3224
G5EF18,21.4645,20.5575,21.3257,20.8553,24.6477,23.4102,22.8862,22.7413
G5EDI0,21.7175,20.2168,21.1773,21.5002,23.2582,22.0798,21.8931,21.2614
G5EDJ3,27.277,28.0024,25.1571,23.5894,25.8589,24.5541,24.6732,24.7655
G5EDJ3,25.4664,25.5533,24.6309,25.7616,23.0721,23.8515,24.3582,22.3962
G5EDJ3,21.5822,20.7429,20.9559,21.5031,24.471,24.1486,22.3143,22.3947
G5EDJ6,20.5438,19.4529,20.367,21.4153,25.239,25.4556,24.0549,24.8424
X5LQ26,19.3353,21.3506,20.9305,21.8827,26.314,23.4348,21.9988,22.846
X5LQ26,20.7415,21.0012,20.8658,21.791,26.6399,24.9195,22.3569,24.1311
G5EDM5,21.8072,21.5935,20.2463,21.8914,24.5306,23.0743,24.7107,22.9135
H9G2Y1,21.4241,21.4148,20.5962,21.8158,20.6839,20.1711,20.7742,21.0555
G5EDQ0,22.0681,21.7464,22.076,21.4823,19.4698,19.3364,20.3215,20.6213
G5EDQ4,21.916,19.6329,20.8232,21.5214,20.6712,20.5947,21.3749,20.7654
G5EDQ4,23.737,23.3949,22.1143,22.0578,21.9465,20.6854,21.1639,20.6856
G5EDQ7,21.5607,21.191,20.8702,20.4079,23.4099,24.3099,24.1116,25.0957
G5EDQ7,21.3061,20.6053,21.0139,20.9788,21.8251,20.4646,19.9049,20.6232
G5EDR3,23.6459,23.7236,21.8289,22.7732,25.1204,24.306,24.9211,26.2517
G5EDR3,24.976,24.4959,23.0235,23.8901,25.1072,23.8089,24.0554,23.4617
G5EDR3,21.1493,21.1324,20.2828,21.6778,21.1432,20.7162,20.6844,20.842
G5EDT9,22.9684,23.1023,22.4209,24.2367,21.5013,20.9464,20.5559,21.38
G5EFK9,24.665,24.8882,20.5802,23.9474,24.2728,24.9033,24.449,24.4059
G5EDV3,20.193,20.0897,20.5058,21.8861,24.1112,21.6653,21.2339,22.0902
G5EDV3,21.7115,21.4817,20.9386,20.7244,20.5602,20.75,20.773,20.5007
G5EDV3,23.3068,21.2588,23.6471,24.9811,24.989,23.7892,23.3116,21.856
G5EDV3,20.8019,20.866,20.255,20.9715,21.1069,20.2334,20.2291,20.5205
G5EDV3,21.832,21.7682,20.7172,20.3653,19.7052,21.2623,20.5001,20.5275
G5EDV3,21.0585,21.684,19.8207,20.8746,20.9582,20.5847,21.2603,20.5144
G5EDY3,29.1778,28.1738,28.0632,29.0038,31.6826,27.299,26.2985,27.9867
G5EDY3,20.3166,20.34,20.5127,21.4265,20.7547,20.8952,20.6669,21.3839
Q564W1,26.9137,25.8351,24.1086,25.2552,21.2579,20.6971,21.16,20.9204
G5EDY8,21.7524,21.5983,20.4837,21.8992,24.7768,23.3618,24.0984,23.5496
G5EDZ9,19.2447,21.0528,20.5307,21.5281,21.7936,20.7195,21.2782,21.408
G5EE04,21.175,21.3032,21.1666,21.2085,27.7417,24.7395,26.9901,27.3457
G5EE04,21.8514,20.9851,21.1806,21.486,21.6375,21.212,20.7717,20.093
Q8I4B4,20.7132,20.8396,20.8049,21.7472,20.9617,20.0535,21.3002,21.3058
G5EE13,25.2636,22.9221,22.4385,24.3153,25.4396,25.0055,27.4509,25.4177
G5EE41,20.0112,20.6021,20.7217,19.3568,21.7712,21.0754,20.1635,21.6598
G5EE62,21.6649,21.4912,19.7346,20.4484,21.2167,20.643,21.0067,21.3619
G5EE67,21.8946,21.7491,20.8873,20.924,19.8746,20.0441,21.0403,20.0659
G5EE67,20.7315,20.6145,20.9248,21.307,21.708,21.1344,21.1777,21.3179
G5EE67,26.2583,26.0057,25.5534,25.7192,25.386,26.0018,26.0345,25.2345
G5EE88,21.136,21.7793,21.5176,20.739,20.1665,20.2499,21.3301,20.6658
G5EEA8,21.8395,20.6996,20.4623,21.4524,21.9645,20.8519,20.8824,21.3077
G5EEA8,23.3815,24.0935,24.5852,23.4602,21.5361,20.8566,21.2286,21.0646
G5EEA8,21.6358,20.5347,21.2947,20.4451,20.5319,20.509,20.9275,20.1902
G5EEB6,20.2586,21.1152,20.7734,21.7104,21.2539,21.147,21.2771,21.2197
G5EED5,29.5317,29.071,28.7795,29.4503,27.8124,26.741,27.4234,28.19
G5EED5,27.9061,28.3196,26.4591,27.4311,29.1733,27.6733,26.0849,26.6389
G5EEG4,20.8423,21.115,19.8133,20.8412,21.7829,20.0556,20.666,21.4141
G5EEP9,23.2558,23.1498,24.7294,23.4971,23.9572,24.483,23.0336,25.0558
G5EEP9,19.8961,20.5095,20.6054,21.6547,21.9486,21.2274,20.6148,20.4272
G5EEP9,22.8578,21.9888,22.1924,23.499,23.3855,22.344,24.1444,22.8304
G5EEP9,20.9555,20.8613,21.361,21.8707,23.7767,24.9027,22.0169,24.1977
G5EEP9,21.77,21.5535,20.9123,20.5435,20.3328,21.092,20.6048,20.6981
G5EEI9,20.5878,21.5805,20.5262,21.0881,21.2879,20.0086,21.2342,21.132
G5EEJ7,21.0366,21.3767,20.7486,21.1632,21.714,20.4487,21.1233,20.8272
G5EEK1,23.7325,24.3356,23.8549,23.4841,23.7111,22.1378,21.7231,22.4149
G5EEK1,24.0273,23.9096,23.7182,24.0928,24.3706,25.0122,25.1297,23.9955
G5EEK1,22.8538,22.5721,23.11,23.6241,25.1958,24.4081,25.0519,23.1549
G5EEK9,26.4499,25.1663,25.9645,25.5117,26.9601,25.7509,25.417,25.5225
G5EEK9,26.1056,25.4501,22.9532,24.6039,25.2868,24.741,24.882,24.6137
G5EEK9,21.8353,21.3434,21.0228,21.507,25.0688,22.8732,22.098,22.8897
G5EEK9,23.6897,23.4788,23.3229,23.8022,26.6409,23.514,23.5485,23.7054
G5EEL9,21.8728,20.5091,20.3458,21.8927,21.2755,20.8898,20.9473,20.9653
G5EEL9,21.2948,21.7607,20.4635,21.6056,20.5592,21.0154,21.3095,20.247
G5EEL9,19.9424,19.6035,19.8535,20.5053,20.5047,20.7474,21.3824,21.0673
G5EEL9,21.7038,21.6751,21.1852,20.606,21.1308,21.0378,21.3442,21.2626
G5EEL9,21.3607,21.0475,20.231,21.4593,21.9745,19.809,21.0858,21.2784
G5EEN7,20.3827,21.6318,21.4185,21.2412,24.0628,21.5078,24.4668,22.6128
G5EEN7,21.763,20.703,21.1825,20.5622,24.0628,21.305,22.0768,20.9577
G5EGR6,26.3157,25.2382,24.7401,25.3313,24.398,23.0636,23.6708,24.5406
G5EET8,20.6034,19.767,20.6985,21.158,21.7364,21.1325,21.1536,20.6212
G5EET8,20.7733,20.3218,20.7326,21.4721,21.9426,21.2051,20.3826,21.2785
G5EET8,25.652,25.3584,24.6722,24.5909,20.7178,24.9076,25.9117,24.6448
G5EET8,20.1417,21.7705,20.8394,20.8544,21.5875,21.0905,20.0856,21.1571
G5EET8,20.9034,21.7459,20.5595,21.6394,21.6221,20.5843,21.3833,19.8581
G5EET8,21.0756,21.6421,21.2829,20.5399,21.6498,21.2514,20.9981,20.2606
G5EET8,28.1766,29.2867,28.2325,29.0049,29.7034,26.855,26.1789,28.1525
G5EET8,21.8589,21.7324,20.4152,21.3384,21.1829,21.2636,21.1694,21.3431
G5EEU1,21.9058,20.2545,20.8498,21.3277,21.9498,21.1283,20.5206,20.8423
G5EEU1,21.2094,21.4914,20.3235,21.549,21.5529,20.4781,20.5081,21.0535
G5EEV5,20.8739,20.4104,20.6049,21.3706,21.6268,21.0944,20.4427,21.1692
G5EEV9,24.5511,24.3737,22.554,24.0777,25.3493,25.3801,24.7227,25.634
G5EEW9,24.2387,24.8833,25.1504,26.1125,23.2083,29.2145,27.3128,28.1211
G5EGD5,26.5621,26.2118,26.71,26.5007,26.5472,22.3404,23.6604,24.7786
G5EGD5,24.2667,23.099,22.8274,23.974,22.8193,20.4458,21.622,20.8654
G5EGD5,21.4383,19.4424,19.4915,20.7551,21.1302,20.7364,20.4365,21.1784
G5EGD5,21.4548,21.3713,21.5274,20.8691,21.5943,20.4929,20.9524,21.4078
G5EF05,28.0119,26.8699,28.3227,27.9649,24.5781,24.7574,24.4399,24.379
G5EF32,21.5417,20.9259,20.6642,21.6331,21.6814,20.7161,20.7829,20.8533
G5EF32,21.7555,19.2279,20.8728,21.5674,21.9746,21.2596,20.5329,21.1684
G5EF37,25.4628,25.1717,24.5481,24.5463,26.3397,25.0248,26.2106,24.8213
G5EF37,22.2347,23.3688,24.2215,23.9302,26.8256,25.0058,26.2924,26.209
G5EF82,21.9025,21.1587,21.141,20.567,21.7384,20.2252,21.2326,21.1181
G5EF87,19.9764,21.3734,20.7879,21.5049,21.3127,19.3194,20.3411,21.2836
G5EFC4,20.0838,21.6061,21.0255,21.4066,21.963,21.0057,21.1435,20.8786
G5EFD7,21.2578,20.5689,21.3291,20.579,21.7244,20.1662,21.3533,21.1624
G5EFD7,20.632,21.7841,20.5262,21.3504,20.572,20.9974,21.3117,20.2948
G5EFE3,22.547,22.9521,22.2617,23.4557,21.5885,19.56,21.3752,21.1401
G5EFF2,24.4719,23.1642,23.8269,24.353,21.3261,20.9722,20.1799,21.1866
G5EFF2,21.5156,20.8369,20.9752,20.4058,21.9422,20.0364,21.2006,20.9248
G5EFI4,20.8919,21.5021,20.9855,21.8617,21.1456,20.1659,21.1155,20.2577
G5EFI4,21.7852,20.3116,21.2639,21.7442,21.2508,20.9141,20.8468,20.6401
G5EFK4,21.6007,20.71,20.6455,21.6905,21.8006,20.2048,21.0417,21.1039
G5EFK4,21.3063,21.5836,21.2969,21.1641,21.0422,21.0762,20.4227,21.374
G5EFM0,21.2756,21.1134,20.8809,21.1094,23.3932,21.1446,22.6807,23.0046
G5EFP2,21.9052,20.8346,20.9745,21.6889,20.8423,19.5614,20.5571,20.7992
G5EFP2,23.5578,23.9401,23.2771,24.036,21.6771,20.9777,20.2027,21.1289
G5EFP2,21.498,19.6416,19.3822,21.8635,21.1828,21.1104,21.1181,20.6544
G5EFQ4,25.5724,26.2299,25.0989,24.9941,21.1789,19.5096,21.0073,20.9413
G5EFQ4,26.0477,26.2299,26.5401,26.8882,20.4293,20.4427,21.37,21.3833
G5EFS0,21.4581,22.4677,23.1085,23.5067,23.2422,24.1496,24.575,24.4985
G5EFS0,25.0663,24.4873,23.9806,23.5067,23.2422,20.8544,20.6134,19.977
G5EFS1,23.884,23.6412,22.9946,23.9786,24.778,23.9434,24.1544,23.6117
G5EFS1,20.8364,20.4646,20.7868,21.7623,23.9305,23.8291,22.9266,22.3883
G5EFS5,19.9626,20.7873,21.2256,21.7147,21.8382,19.4624,21.1358,19.66
G5EFS5,21.072,21.6059,20.0797,21.8868,21.0866,21.0709,21.1779,21.3911
G5EFS5,20.703,21.3253,19.7588,20.8625,21.9504,20.7019,20.9366,19.2724
G5EFS5,21.1708,21.7618,21.3236,21.7363,21.8918,20.468,20.9383,20.3609
G5EFS5,21.8031,20.3174,20.9117,21.357,24.0506,23.3593,22.2357,23.4777
G5EFS5,20.5995,19.5383,21.4863,21.4541,21.7155,20.0262,21.3474,20.2153
G5EFV4,22.4663,22.0049,21.6584,22.8588,24.3257,23.0942,24.3658,24.8894
G5EFV4,21.8454,21.7545,20.539,21.4225,21.0098,18.8997,21.1168,21.2595
G5EFZ1,21.4443,21.7141,20.5694,21.5988,25.2442,23.947,23.6367,24.9377
G5EFZ2,21.8452,21.3785,19.4668,21.5813,21.611,19.8357,20.6978,21.2827
G5EG03,24.8393,25.0254,24.5831,24.734,22.2365,23.0993,23.2183,24.1763
G5EG03,24.8393,23.9509,24.5831,24.734,22.2365,21.6841,23.267,23.8987
G5EG03,26.2744,26.1892,27.5234,27.175,20.625,21.244,21.2531,21.2201
G5EG11,21.4168,20.7382,20.2034,21.2099,21.477,21.0115,21.3757,20.2087
G5EG39,23.5669,23.433,25.8989,24.9018,21.5995,20.6532,20.9696,21.1686
G5EG58,21.4064,21.2975,20.4318,21.8835,24.0265,24.2433,24.4473,23.3523
G5EG58,21.2295,21.5218,21.106,21.8323,21.7616,20.4889,21.2354,20.3406
G5EG58,21.3733,21.2092,21.0689,21.3542,24.5432,21.2814,23.6199,24.0964
G5EG58,23.3659,23.165,23.5798,22.7766,24.6772,23.3842,25.4764,24.5279
G5EGA5,21.4096,20.6191,19.6466,21.8158,25.8581,23.5469,22.836,23.7985
G5EGA5,24.5607,24.6149,22.4011,23.556,25.986,21.5306,21.9685,22.3858
G5EGA5,21.4261,20.9068,20.3931,20.4338,24.5035,23.5657,24.3213,24.2294
G5EGA5,23.5711,22.1265,22.4639,23.116,25.5532,24.7549,23.9393,24.2402
G5EGA5,23.0299,23.0393,21.7658,23.4236,27.7794,23.703,24.6294,23.9484
G5EGA5,22.7957,23.1261,22.9145,22.5244,24.9442,22.4157,23.7429,24.1207
G5EGA5,22.0236,23.4208,22.5042,22.8339,27.6695,25.6306,23.1977,23.3651
G5EGA5,20.7086,20.3668,20.4534,21.7574,26.9211,25.0524,25.0934,24.7583
G5EGB1,28.0599,29.5774,28.7348,29.3629,27.8147,26.2017,24.8112,25.8382
G5EGB1,24.6986,24.9977,23.7473,24.7912,26.6961,24.6108,22.2114,21.5464
G5EGB1,21.9376,21.5521,19.6936,21.5403,21.1709,20.3508,21.0157,20.9914
G5EGB1,19.5788,20.663,20.7316,21.0868,22.6244,22.7531,25.0819,24.8811
G5EGB1,21.9356,21.6558,21.4796,21.6726,24.7505,21.9117,23.9137,23.019
G5EGB1,21.1235,18.9915,20.1145,21.6692,21.7829,20.6068,21.1482,20.8621
G5EGB1,23.4118,24.1198,23.9881,23.8754,26.2467,24.4761,25.5257,23.5876
G5EGB3,23.0224,23.115,23.7145,23.285,22.8018,21.8382,24.8743,23.381
G5EGD4,21.5502,20.5349,21.5399,21.6533,22.8164,21.9898,19.6973,21.2273
G5EGE9,23.9259,22.2463,21.4509,22.9055,21.1651,21.163,20.7481,20.1919
G5EGF1,23.9788,23.6499,23.7794,24.4344,21.2168,20.6971,21.3124,19.7636
G5EGJ5,21.9302,20.7821,20.3166,21.6354,21.9444,21.1784,20.9662,20.9725
G5EGJ5,24.3687,24.8611,24.7331,24.3224,25.7391,26.9873,26.9285,25.6589
G5EGK8,23.9559,23.1526,22.5987,22.953,24.0054,24.3893,24.8519,22.23
G5EGN2,22.3875,24.2076,23.2917,22.6419,23.3012,22.7479,22.3969,21.8178
G5EGP4,25.1337,23.7706,25.0341,24.9786,25.9099,24.8282,23.8869,24.0333
G5EGP4,24.8404,23.2306,25.7453,26.9049,24.7132,24.3377,23.6476,23.5195
G5EGP4,25.1942,24.1481,23.9117,24.6439,24.992,24.1384,22.8722,23.1932
G5EGP4,28.0483,26.3699,27.1068,27.7009,28.4432,25.9829,25.067,22.9162
G5EGP4,24.5107,24.2301,23.146,25.2071,26.446,26.6151,25.1986,24.8099
G5EGP4,24.6089,24.3686,23.7106,23.9629,23.9628,21.5044,22.4734,24.6255
G5EGP4,23.5029,21.8531,23.1463,22.2866,25.2478,23.4862,23.2015,24.3802
G5EGP4,21.6481,20.744,19.851,21.3516,23.9482,24.9803,25.2889,25.717
G5EGT4,21.6937,20.9318,19.8286,20.7845,21.8902,20.8381,20.6072,21.3312
G8JXY5,23.4075,22.7005,22.4043,24.14,25.7264,20.6392,22.9296,21.5722
G8JXY9,24.5276,23.9689,23.8289,23.9788,24.3444,23.5426,22.3472,23.4198
G8JXY9,22.3645,22.6154,22.6008,22.7782,24.9095,24.9015,22.3335,25.4984
G8JXY9,22.6361,24.0655,22.4728,22.4633,20.4674,19.7949,20.9351,20.5289
G8JXY9,22.8105,22.5702,23.135,24.7934,24.5402,24.1828,27.6787,25.5046
G8JY31,27.2174,25.615,25.2414,26.6096,24.1804,22.4184,21.0911,23.2694
G8JY31,28.0054,25.6938,25.8211,27.1269,24.1976,20.6881,19.5291,21.2548
G8JY40,24.5797,24.4916,23.216,24.7092,22.3166,19.1488,22.3127,21.8318
G8JY63,21.1973,20.7755,20.7848,20.4985,20.9167,20.6551,21.1582,21.2963
G8JY83,24.0901,25.0083,26.2723,25.2087,25.6889,24.0285,25.2739,25.8952
G8JY83,26.3207,26.1417,25.9749,25.9168,26.3621,25.066,23.772,24.7312
G8JY83,36.9298,36.7648,36.7125,36.1963,36.9294,35.1498,34.5973,34.4961
G8JY83,33.541,34.1395,32.9305,33.0419,34.4174,32.9922,32.4605,32.5338
G8JY83,32.6708,31.2208,32.4893,31.2558,32.8355,29.2036,29.2332,28.8531
G8JY83,30.2276,30.3981,29.3266,28.5618,31.5809,28.6836,25.706,27.4416
G8JY83,28.4161,26.1496,27.3065,28.1169,28.499,25.0549,26.5878,24.2137
G8JY83,21.1605,19.1843,20.6837,20.3655,29.5979,25.5985,24.9098,24.1425
G8JY94,20.9282,21.1828,20.8125,21.3532,21.9571,20.709,20.2489,21.1143
H2FLI6,21.9706,20.2926,21.0888,21.7768,20.5443,20.4951,21.1877,20.1829
H2FLK8,19.9439,21.3874,21.2476,21.801,21.5564,20.8154,21.2915,21.2285
H2FLK8,25.3525,23.6098,24.3928,24.7849,24.0567,23.7222,23.0658,24.3777
H2FLK8,24.1349,23.161,21.8384,21.8769,23.021,22.5068,22.8649,22.197
H2FLK8,24.8412,26.1646,26.8868,27.7232,21.922,20.6729,20.6293,21.3858
H2FLK8,23.9585,22.9786,24.0144,23.7715,23.5061,21.2664,21.6772,22.3791
H2FLK8,21.2917,20.9446,21.5038,21.9042,21.5527,20.9552,21.2841,20.5701
H2FLK8,23.201,23.7894,22.8834,23.4414,22.3574,23.2245,21.5715,20.3259
H2FLK8,22.9798,23.0107,22.6075,22.4165,21.6209,20.5027,20.635,20.251
H2FLK8,21.8091,21.4597,21.3026,20.828,21.3086,20.4861,21.2987,21.1811
H2FLK8,21.5666,21.5912,21.0326,21.8069,21.3525,21.0012,20.3644,21.4102
H2FLK8,24.525,24.6188,22.6313,24.0909,21.5976,20.577,21.1383,21.2881
H2FLK8,23.7398,23.7701,23.0585,23.9613,21.7609,21.8198,20.2459,22.0704
H2FLK8,24.3996,25.1138,23.4299,24.7343,23.1677,24.8358,23.0155,24.7914
H2FLK8,22.6972,23.1325,23.2078,23.3211,21.8692,21.2086,20.4285,20.1766
H2FLK8,20.9924,21.0897,20.824,21.2409,21.3915,20.9466,20.3893,20.7533
H2FLK8,24.149,23.7052,23.608,24.9003,23.3386,21.658,23.509,23.6203
H2FLK8,21.8913,21.5472,21.2067,21.8067,21.0161,21.2243,20.6884,21.1362
H2FLK8,24.3907,25.1483,22.9269,24.8299,20.1016,20.563,20.8448,21.3246
H2FLK8,21.7201,20.789,21.1885,21.6267,21.4335,20.4971,20.6674,21.08
H2FLK8,21.5661,21.2205,20.3547,20.6735,21.0636,21.0131,20.3146,21.3359
H2FLK8,24.5022,24.947,25.2557,24.3207,23.1151,21.2912,22.601,23.0974
H2FLK8,25.2317,24.2028,23.8817,24.9028,23.2575,21.867,22.0973,21.3414
H2FLK8,22.6264,22.957,22.139,23.1025,21.9524,21.5342,23.2682,22.4359
H2FLK8,24.5317,24.704,22.7645,22.5193,21.0662,21.0898,20.8197,21.2001
H2FLK8,21.437,21.6969,21.4825,21.4697,20.6302,21.0947,20.9307,21.2034
H2FLK8,22.9741,23.5933,23.6567,24.4407,21.5951,20.2348,20.2758,19.884
H2FLK8,21.6394,20.6196,21.0681,21.5924,20.7228,20.9317,20.6272,21.2282
H2FLK8,21.5228,21.1653,21.4023,21.7153,21.7198,20.666,20.6098,21.133
H2FLK8,26.0267,26.076,24.472,25.7614,25.413,22.7793,24.4634,23.418
H2FLK8,24.5359,24.1036,23.9275,24.4724,21.6955,20.7017,19.4064,20.9617
H2FLK8,22.9905,21.3213,22.9226,22.4782,21.6223,21.0015,20.3236,20.2243
H2FLK8,24.9401,24.6233,25.145,25.2388,21.277,20.6887,20.3874,20.8972
H2FLK8,21.5116,21.2394,21.0045,21.4308,21.0968,21.2637,20.2895,20.3172
H2FLK8,23.932,24.5436,24.2029,24.7406,23.7271,22.5092,22.5462,20.9908
H2FLK8,25.1668,25.698,23.9667,25.403,21.7973,20.6741,20.8148,20.8119
H2FLK8,25.1273,24.4833,24.5117,24.4819,21.8381,21.0574,21.1357,21.3177
H2FLK8,23.1216,24.2673,24.0912,24.0442,24.3767,21.5579,20.8658,21.8667
H2FLK8,25.2559,24.5921,24.1139,25.4178,23.7405,21.5219,24.1217,22.3486
H2FLK8,24.6166,25.0472,24.6303,23.6656,23.8707,24.3692,22.6351,24.0779
H2FLK8,21.7765,21.0666,20.1757,21.6412,22.3061,24.81,25.3456,24.9438
H2FLK8,21.8191,20.32,21.0942,21.8424,21.8263,20.9783,20.9017,20.3599
H2FLK8,21.4447,21.3885,21.1144,20.5297,21.5487,20.0796,20.3525,20.7199
H2FLK8,23.6991,23.3313,24.2357,22.8816,21.5818,20.8839,20.4502,21.4354
H2FLK8,23.92,23.2559,22.4872,23.5552,21.8405,20.9349,20.6768,21.168
H2FLK8,24.2275,22.032,23.4652,23.4298,22.0598,22.5978,21.9594,22.3352
H2FLK8,24.5254,23.443,23.0743,22.7766,21.6889,19.5751,20.4541,21.3093
H2FLK8,23.6846,23.5705,24.1852,24.6215,23.117,21.9332,24.2809,23.1695
H2FLK8,20.9117,20.3138,20.9446,21.4229,21.6009,21.0723,20.5229,20.7211
H2FLK8,21.7745,20.567,21.3366,20.3293,24.259,23.7558,21.3171,22.6914
H2FLK8,20.4604,20.467,20.6718,21.0623,21.2861,21.0612,20.8423,20.9315
H2FLK8,24.0847,24.6227,22.9846,24.4046,21.7665,21.0999,20.5887,21.2428
H2FLK8,24.5619,22.4275,22.5489,23.5553,21.7238,20.4355,20.9716,21.2356
H2FLK8,25.9021,26.2971,25.9812,26.6768,25.8265,21.6869,22.4937,24.4479
H2FLK8,24.6685,24.1648,24.4815,24.7091,21.8566,20.2838,20.4276,20.4895
H2FLK8,20.7216,21.4257,21.4496,21.2655,21.3922,20.7744,20.5432,20.5299
H2FLK8,21.4503,21.5427,19.9962,21.4389,21.9322,20.7962,20.7721,20.9845
H2FLK8,24.0847,24.0177,22.789,24.4046,20.3002,20.25,20.6987,21.3692
H2FLK8,22.6411,22.7069,21.6942,23.6942,21.2116,21.0822,21.3763,21.3479
H2FLK8,24.5875,24.4363,24.5017,24.7357,22.2823,22.9216,24.4202,23.5443
H2FLK8,23.5496,22.5644,24.646,24.0325,22.7452,22.02,23.2248,21.5608
H2FLK8,24.0737,23.8125,24.0735,25.1826,24.1607,21.2672,21.4349,22.8177
H2FLK8,24.3636,23.9827,23.147,24.1988,23.069,21.5559,20.683,20.6611
H2FLK8,23.1363,23.0118,23.3827,23.6099,23.1593,22.2559,22.6235,20.3699
H2FLK8,21.7752,20.9028,21.4426,21.0547,21.5334,21.186,20.7192,20.7585
H2FLK9,23.1752,23.0892,24.0932,24.193,21.2617,20.8083,20.9471,19.6975
H2FLK9,22.6411,22.7069,21.8519,23.6942,21.2865,19.5682,20.8273,21.2276
H2FLK9,26.3524,26.0501,25.4935,26.7405,24.7329,24.7752,24.3216,24.2933
H2KYH5,27.9375,27.5458,28.1051,28.9613,29.0123,27.3873,26.111,27.7425
H2KYH5,21.6544,19.83,20.3389,21.6353,24.5026,23.0246,22.7345,24.0766
H2KYH5,25.3616,25.8317,24.0635,24.7266,23.6597,24.2888,23.5292,22.8099
H2KYH5,29.2983,24.9961,23.4504,26.5866,28.5428,26.9592,26.1596,27.1228
H2KYH5,26.8572,26.6844,26.3606,26.9857,28.182,25.0928,27.3708,24.8509
H2KYH5,26.0714,26.3785,26.5569,26.6148,26.7162,23.9818,27.3223,24.8877
H2KYH5,24.9376,24.6446,23.9334,25.098,24.7271,23.7381,25.5,25.0768
H2KYH5,21.3694,20.9808,21.307,21.2772,21.0947,19.9936,20.2182,21.1149
H2KYH5,24.5876,23.5168,22.933,23.8042,26.1559,23.0411,23.8818,23.7949
H2KYH5,21.3986,21.5657,21.5226,21.3578,21.4273,20.7209,21.1564,19.2045
H2KYH5,28.109,27.6298,27.4458,28.4718,30.1425,26.4539,26.1334,26.5161
H2KYH5,21.367,20.1834,20.7257,21.2902,25.8468,24.5466,24.8446,25.5795
H2KYH5,25.0628,26.0387,26.055,25.2228,26.9624,26.3449,26.9737,26.3664
H2KYH5,23.8679,22.1732,22.4831,23.1585,24.8638,25.7008,25.1363,23.8756
H2KYH5,29.3182,28.0499,27.4692,28.1329,28.4876,25.8794,26.4813,27.463
H2KYH5,25.1701,26.0456,25.4098,24.9812,23.5587,24.1557,24.745,26.5391
H2KYH5,27.5958,27.6005,25.7401,27.0404,21.0641,20.7297,21.3267,20.4178
Q86NI2,22.8353,21.6059,22.0838,22.6943,23.3568,22.7362,24.9429,24.2453
Q86NI2,21.3761,18.5908,21.4514,21.1312,21.5804,20.9072,20.4781,20.8849
H2KYJ5,20.9309,21.4912,20.0262,21.5354,23.0023,26.5014,22.906,25.7979
Q8MQE2,23.8489,22.4428,22.0185,22.6016,24.8491,21.58,22.971,22.8766
H2KYN7,21.8971,18.642,21.0098,21.1269,21.776,21.2133,21.2612,21.3374
H2KYN7,23.2407,22.2491,20.7486,22.3105,21.8699,20.9816,20.0984,21.2804
H2KYP4,21.1707,20.6882,20.8822,21.5774,21.3281,20.9202,20.9349,20.3955
H2KYP4,22.6336,21.8488,22.6815,23.6137,26.1403,26.0505,24.365,26.3632
H2KYP4,21.5778,23.0954,21.7339,22.1,21.2105,20.8159,21.3375,21.141
H2KYR1,21.1934,20.8947,21.479,19.7348,21.9279,21.2015,21.3287,20.6018
H2KYR1,20.203,21.5666,20.9244,21.3554,25.0085,23.0895,22.7207,22.2859
H2KYR1,21.1109,21.1729,20.7052,21.6042,21.4465,20.5623,21.0023,20.1026
H2KYR1,21.7044,21.5111,21.0877,21.4673,21.8771,19.8826,20.9922,21.1743
H2KYR1,21.4677,20.5955,21.1529,21.6639,22.1017,23.4076,22.146,23.1461
H2KYR1,20.3301,21.2884,21.3526,21.3877,21.8219,20.5618,21.1504,21.0616
H2KYR1,21.9648,20.9853,20.8974,21.2981,26.1758,24.241,23.3701,22.1907
H2KYR1,24.1617,23.1374,21.1532,23.5036,23.1117,22.3406,22.9714,24.5621
H2KYR1,23.5485,25.5384,24.0436,25.1838,25.5459,23.6479,22.9433,23.8303
H2KYR1,21.5784,21.008,21.5379,21.1942,21.7755,20.9145,21.0817,21.1227
H2KYR1,21.2419,21.7073,20.8072,20.6746,21.2502,20.2646,20.5968,20.401
H2KYR1,21.9389,21.2071,21.5244,20.4115,21.3163,21.0594,21.1318,20.9642
O44618,23.22,24.0911,24.6798,23.8389,23.6753,20.3777,22.609,21.8301
H2KYS3,23.5836,24.3176,22.6938,23.4202,21.7577,20.7309,21.0542,20.388
Q8MNV5,20.846,20.714,21.4314,20.9266,20.0856,20.2602,20.9095,21.1224
Q86NJ8,21.0628,20.5245,21.2885,20.8336,24.0336,20.8186,21.3966,21.612
Q5R3Y6,21.7695,21.6642,21.4483,21.4599,21.8672,21.0029,21.3766,21.1314
H2KZ06,25.8205,27.1137,23.9217,26.2141,21.7853,21.053,20.9979,20.042
H2KZ37,22.3658,22.2117,23.5594,23.6991,21.9071,20.7226,20.6704,21.271
H2KZ48,21.0136,20.5461,21.4908,21.6386,23.2378,23.4263,23.9267,23.3985
H2KZ48,21.4401,21.595,21.2657,21.5463,21.7732,20.8361,21.0482,19.3281
H2KZ89,20.7561,21.3687,20.3005,19.936,21.5597,21.2267,20.3224,21.0412
Q95Q55,25.9817,24.7379,25.825,26.4727,25.6667,24.9808,25.0807,24.7821
Q95Q55,20.4121,21.5392,21.4757,21.6423,21.7552,20.9341,21.3548,20.9296
H2KZA9,23.2352,22.9927,22.5278,23.0106,22.5388,22.0614,22.3796,21.5932
H2KZA9,23.2371,22.9786,22.3183,22.7798,21.4486,20.8481,21.1207,20.9738
H2KZC4,21.0474,21.4924,19.6047,21.5359,26.2202,22.5799,21.8089,22.2261
H2KZD2,21.8641,19.7703,21.3269,20.2766,24.7724,22.7821,22.3916,24.0415
Q86NB3,20.5594,19.9131,21.4044,20.6918,24.2334,23.6807,23.3874,25.7638
Q18930,21.9213,21.1547,20.3921,20.0775,21.5165,20.9368,21.2583,20.3377
Q4TTA9,21.714,21.1839,21.2356,21.3178,23.2016,21.8461,24.6455,22.0395
Q965K3,21.4833,21.166,21.2353,20.749,23.5947,23.3819,23.0361,23.7869
Q688A5,21.9562,21.5773,20.7185,21.6922,25.0091,25.7902,25.1809,25.88
Q9BL66,19.6473,21.6361,21.2611,20.1435,23.7604,23.9817,25.0631,25.2523
H2KZN1,20.2062,21.2842,20.9942,21.8132,21.947,20.2036,19.6696,20.3412
X5M917,19.2388,19.7257,20.9871,20.3224,22.4305,20.6464,20.5851,22.1479
H2KZR4,20.9534,20.7052,20.778,21.3071,20.8868,20.0813,20.6335,20.7865
H2KZR4,20.6698,21.452,20.7926,20.6833,22.7831,20.3735,20.9772,21.8032
H2KZR4,21.172,20.6073,21.1059,21.1611,22.3352,19.724,20.8874,20.4748
H2KZT9,26.8295,27.9985,26.6616,26.9075,27.8396,25.1638,26.7424,25.8783
H2L023,26.2916,25.6169,25.7235,25.8126,25.9733,23.9167,24.3685,24.4695
H2L023,26.0046,24.7704,24.4986,24.6703,25.5454,23.2577,24.3962,23.3362
H2L023,26.2792,25.9874,25.3811,26.3122,25.3595,23.2966,23.1131,21.6188
H2L023,21.7174,22.305,22.0366,21.9244,21.6416,20.8293,20.989,20.868
H2L028,21.5276,21.4574,21.1302,20.135,20.6295,20.8968,21.2504,21.418
H2L034,21.5296,21.3689,21.4351,21.2734,20.2543,20.8874,21.3732,21.1848
H2L034,20.5493,20.4725,20.1089,20.0207,25.4863,25.8928,27.4105,26.1962
H2L034,23.6119,23.7677,21.8145,22.4493,25.2958,25.1836,24.0634,22.7286
H2L048,21.1123,21.5478,21.3275,20.5483,23.1819,20.5816,19.2938,20.6053
H2L048,23.7833,23.559,23.0647,24.0031,23.5502,22.2063,21.6067,21.1065
H2L048,21.5068,21.1753,20.1044,21.6862,21.8285,20.7944,20.8216,21.1983
H2L048,22.6713,22.6701,21.7584,21.7966,23.0994,20.797,20.3928,22.0212
Q8MXS5,21.132,19.405,21.327,21.642,20.2894,20.6172,20.206,20.6263
H2L0B6,21.599,20.6686,21.1857,21.6781,21.2203,20.015,20.4746,21.3872
H2L0C4,23.9361,23.6842,23.9189,23.5635,24.8129,24.1562,23.4688,24.5817
H2L0D1,21.6301,20.1327,21.3915,21.3078,21.2609,20.9073,20.9988,20.9272
H2L0D3,21.654,20.7808,20.343,21.5495,21.8759,20.7965,21.1323,21.3344
H2L0D9,27.3662,27.2879,26.7391,27.4152,26.3589,23.7772,23.9684,24.6242
H2L0D9,27.3662,26.9052,25.813,26.9542,26.3589,24.7904,23.9684,24.8517
H2L0E5,20.8265,21.4445,21.1293,20.4182,20.6483,21.24,21.0987,21.1234
H2L0E5,22.2521,21.766,19.8177,21.9401,22.4213,22.9916,22.9702,21.1008
H2L0E5,21.6948,20.7805,20.2909,21.884,21.9668,21.085,21.1867,21.2753
Q9N5G9,24.5137,24.6999,24.5863,25.4896,25.6322,23.5747,23.7051,24.0076
H2L0G5,24.56,24.6935,24.4199,24.9989,26.7052,25.3161,25.7073,25.8813
H2L0H3,25.5842,23.8281,24.4792,24.9,21.4427,20.8427,20.8954,21.0555
H2L0I2,21.7361,20.6876,20.2903,21.4402,21.7104,21.0176,21.1084,21.1625
H2L0I2,24.1522,22.6969,21.6536,22.2565,21.0578,21.003,21.0198,20.5293
H2L0I2,21.2081,20.5298,20.7674,21.3221,19.8584,21.1003,20.1128,21.0711
H2L0I2,24.3107,23.5691,21.4972,22.585,21.1248,20.8615,21.1587,20.9384
H2L0I2,22.9526,23.7939,22.9834,24.0075,21.3124,22.4714,22.128,22.8494
H2L0I2,21.3925,20.9322,21.4925,21.0243,20.5645,19.5122,21.1252,21.0517
H2L0I2,21.1823,21.098,21.3447,20.9312,21.2031,21.0102,20.6578,20.7801
Q22095,23.7139,24.3512,23.5072,23.7211,25.1006,25.3955,26.0466,26.1603
H2L0K8,21.2274,21.258,21.3188,20.3554,20.5251,21.1097,20.8136,20.6494
Q9GZI3,24.0746,22.7386,24.1479,24.5314,24.0526,22.4829,23.4418,23.0694
H2L0R6,21.4641,21.5901,20.1991,20.0643,23.6685,22.6818,23.6012,24.2717
H2L0R6,24.845,24.38,24.3154,24.8211,25.1149,22.8257,24.4357,24.2919
H2L0R6,23.457,24.457,23.2591,24.1331,24.3944,24.0211,23.6525,23.943
U4PC11,21.7167,21.5437,21.3199,21.5196,20.9679,20.6993,21.3825,20.6752
O18688,20.3138,21.6051,21.1797,21.7004,22.8094,23.4718,23.4736,22.0407
O18688,20.8464,19.5823,21.122,20.1051,21.1783,19.1743,21.1446,20.4761
H8W3X0,21.8586,21.7594,21.258,21.5016,21.6059,20.9457,20.9843,21.3202
H9G2R5,21.6633,20.4604,21.0752,21.4099,21.7822,20.6178,20.9036,20.9903
H9G2R5,21.0174,21.2827,21.5116,21.2635,21.5163,21.0922,21.3895,19.8752
Q21032,21.4274,21.5645,20.4447,21.1866,23.8068,22.0043,22.4521,20.67
Q21032,27.421,27.0838,26.3194,27.5626,27.8072,26.8229,26.0361,26.1485
I2HA98,21.8842,20.6666,21.4244,20.3907,21.8761,20.7199,21.2784,21.0618
I2HA98,21.959,21.3446,21.2168,20.6083,23.7607,22.3792,24.4153,21.4048
I2HA98,21.639,20.9124,20.6086,21.593,23.431,22.9935,24.6606,24.5252
I2HAF4,26.2614,28.053,27.7888,28.6005,27.5741,26.1765,25.0996,26.5021
I2HAF4,28.8903,28.8923,28.958,29.0977,28.3841,27.515,27.9189,26.9343
I2HAF4,27.0276,26.2612,26.0494,27.4635,26.6911,24.9227,25.115,25.9601
I2HAJ2,21.622,22.548,22.1438,22.155,25.8542,26.7714,25.1232,25.499
I2HAJ2,21.8423,21.5351,20.8754,21.1823,26.3505,27.6572,25.7535,26.4028
K7ZUH9,25.5159,24.5302,24.9281,25.5418,24.6812,24.6517,24.2452,23.1078
K7ZUH9,21.4971,21.448,21.4924,21.5006,21.7306,19.3885,20.8958,19.8276
Q6A582,21.6213,20.3753,20.8034,20.7797,21.8288,21.2063,21.079,21.4972
K8F801,21.3529,21.3414,20.6762,21.9118,20.1656,20.9438,20.4563,20.3777
K8FDX2,24.7641,24.8377,25.0628,24.5317,24.6141,25.8522,22.1535,24.2615
K8FDZ1,21.2486,21.5058,21.3389,21.8123,21.3465,20.4515,20.4952,20.2174
K8FDZ1,19.5417,20.7795,21.5348,20.3938,21.6672,19.9899,20.1789,20.6102
L8E833,21.737,22.157,23.2602,22.6771,20.8694,21.1984,21.0989,21.4095
L8E833,25.5837,25.7443,25.7397,25.2246,24.1115,25.5092,25.554,25.7107
L8E833,23.743,23.1713,22.1711,21.8451,21.5755,21.0083,20.976,21.2848
L8E833,21.6008,20.0305,21.0157,21.2162,21.0688,20.3741,21.2831,20.6245
L8E833,24.6476,24.1266,24.9369,24.9413,23.1532,22.761,22.7636,23.2554
L8E833,27.1748,26.888,27.4237,28.1007,24.1456,21.8109,21.4192,23.8825
L8E833,26.1451,23.8351,24.072,26.3522,24.1456,23.3783,22.4725,23.7318
L8E833,23.6895,24.0222,22.9848,22.9495,20.8339,20.3773,20.9298,20.7807
L8EC34,20.9972,20.9976,21.4079,20.7874,21.3848,20.5789,21.1499,20.035
M1Z854,25.2325,27.7158,26.5433,27.1718,26.0592,25.8296,25.8839,24.1376
M1Z854,20.5958,21.513,21.1599,20.6997,23.7852,26.4245,24.3841,24.4299
M1Z854,19.6692,21.3553,20.2458,21.7728,23.2153,21.2249,20.8246,21.4291
N1NSD4,21.3062,20.4169,21.4101,20.6339,21.1614,20.8478,20.9716,21.2031
O01477,22.7137,23.1949,21.9758,23.022,23.2237,22.7519,22.2632,22.5168
O01485,24.2205,24.8576,23.3624,23.6644,24.0712,22.5754,23.7638,22.992
O01498,28.3146,27.2027,27.2565,28.5252,29.4839,27.9092,27.0735,26.3375
O01498,21.5938,21.1069,20.891,21.6115,24.691,23.9117,23.6824,25.0324
O01498,21.6266,20.6847,21.5055,21.6343,21.899,20.8423,20.74,20.5721
O01504,24.9123,25.1607,23.3824,24.7818,23.7157,22.8597,22.8486,23.0646
O01504,25.1011,23.505,24.185,23.8544,25.0283,21.9926,22.3747,21.5384
O01504,24.3498,23.5907,22.381,22.0766,21.3528,21.0196,20.7469,21.0106
O01504,26.2378,26.0583,25.4256,26.0313,24.0331,22.9061,20.5917,21.5617
O01541,21.3054,20.5234,20.2326,21.1607,20.8028,21.0722,21.2955,20.9501
O01542,21.9138,21.3336,21.1454,21.4419,21.9566,21.0437,20.8955,20.6781
O01576,20.935,19.93,20.1735,21.2752,24.4307,22.4486,22.2796,23.2074
O01576,21.3151,20.5844,21.425,21.5287,21.5881,20.8804,20.7841,20.9844
O01577,22.1408,23.3561,25.1868,24.4273,24.9985,23.3428,24.2372,23.9763
O01591,21.6058,20.8553,20.2781,21.1227,24.2033,22.5361,22.9334,24.1014
O01615,21.7882,20.7191,21.238,20.4646,21.803,20.7057,19.9047,20.2738
O01615,20.7665,20.1618,19.9858,21.5487,21.6901,20.5807,20.8579,20.1796
O01615,21.5683,19.7646,20.1083,21.1494,19.6058,21.2462,21.2526,20.7786
O01634,21.3148,21.4081,20.1342,20.6929,22.9543,23.35,22.878,23.613
O01634,21.9405,21.5377,20.6008,21.8988,26.3705,24.1115,26.5543,23.969
O01634,21.5469,21.3296,21.1396,21.001,22.1919,21.4456,20.8246,23.0531
O01681,26.1101,26.2921,26.121,26.8622,26.6133,25.3267,24.3521,25.4339
O01692,24.2347,24.0929,25.2744,24.6457,24.5145,22.9211,23.6922,23.219
O01692,21.4188,20.8761,21.5219,21.118,21.7217,20.52,21.0943,20.9925
O01692,23.8972,24.7764,24.8168,24.8587,25.4704,24.2753,23.5161,22.1988
O01692,21.8108,21.1734,20.7924,21.076,21.8651,20.8067,20.498,21.1562
O01692,26.4366,24.5804,25.691,26.9839,29.7815,27.1582,25.4228,24.7799
O01761,23.5664,24.2186,24.2538,24.0032,24.9974,26.3831,25.899,26.7652
O01802,20.4662,21.1003,21.1341,21.285,22.8436,21.9029,23.3265,23.4829
O01802,20.063,21.0109,20.266,20.7577,24.5381,22.2582,23.9642,21.6373
O01802,20.8914,20.424,21.5314,21.1747,23.3607,21.425,21.9898,21.8966
O01802,20.7889,21.6167,18.8656,21.8279,21.1894,20.9088,21.2462,20.9859
O01802,23.2041,21.6648,21.6986,21.4805,24.6546,22.94,23.3918,25.3807
O01802,21.1807,21.5565,19.1193,21.6439,21.9512,20.7604,21.0519,21.3885
O01802,21.5803,21.2694,21.2875,21.3718,25.5892,24.3584,23.1655,22
O01805,21.4372,21.4643,20.9233,20.3615,21.4711,20.2594,20.5709,20.9205
O01805,22.0696,22.294,21.6773,21.1188,22.8863,23.6177,24.0944,21.9442
O01805,25.3131,25.2224,25.4414,26.1744,21.7499,20.6181,21.0187,20.6232
O01806,23.9831,23.1273,21.8849,22.7512,21.5473,20.6606,20.781,20.7263
O01806,21.7746,21.5036,21.3638,20.9434,22.8232,23.1557,22.1184,25.3103
O01806,21.936,22.498,21.957,22.9243,24.0466,23.2259,22.4206,22.7762
O01812,20.607,21.4994,20.9088,20.8246,23.1701,20.1629,22.9893,21.5148
O01812,21.0395,21.3857,21.2765,21.2368,24.8494,20.1833,21.007,21.997
O01868,21.6382,20.6609,20.775,21.7504,21.7412,20.984,21.3107,20.3239
O01869,28.0862,28.3045,28.0922,29.0901,27.1994,25.1535,24.9074,25.6296
O01869,29.1674,29.2827,28.687,29.7963,27.9237,25.6852,25.9199,25.2768
O01869,23.9475,23.4434,24.7256,24.7363,19.9336,20.8769,20.1151,20.2542
O01869,33.4312,33.6246,33.6819,33.4036,34.5373,33.55,32.8446,32.857
O01869,26.4286,26.3745,24.4404,23.8681,25.0244,23.3035,22.9681,23.0073
O01869,25.6649,23.5198,25.4301,26.165,26.7669,23.9415,25.1251,25.553
O01869,23.8736,25.3833,22.3412,24.9211,25.9279,24.257,23.4246,23.0521
O01869,25.3848,26.6262,27.5617,27.476,21.4885,20.3824,21.353,21.1985
O01893,24.1378,23.5574,23.2183,23.839,24.7269,21.8511,22.9548,22.8724
O01893,26.289,25.7643,25.0773,26.2225,25.8997,25.8026,25.9778,25.1556
O01927,20.8866,20.7469,20.273,21.5307,26.661,23.0703,23.6943,25.3099
O01927,25.3248,24.8489,24.6621,25.741,27.3728,24.9664,25.4427,24.3838
O01927,25.5472,23.8327,23.2947,24.9098,28.173,26.5944,26.4366,25.9009
O01963,23.0485,23.3654,21.6875,21.8816,20.7997,20.709,20.8882,20.4622
O02051,23.2316,22.6546,19.3042,20.7716,24.0498,25.7937,23.3558,25.5015
O02056,22.8556,22.8171,23.0184,22.1077,23.8137,21.6865,21.0029,21.7013
O02056,20.2331,20.3524,21.0203,21.439,23.8962,24.5333,22.4348,23.4451
O02056,21.8309,21.4175,21.4745,20.4395,21.7309,20.3418,21.0756,21.2539
O02056,22.7669,22.379,23.2852,24.4758,26.025,25.0454,22.8065,25.0564
O02082,25.7178,28.1647,25.7987,25.8753,28.8983,26.1294,25.4884,26.4105
O02092,21.442,21.6518,20.1077,21.388,23.5636,22.5588,22.5352,23.4687
O02115,21.2427,21.2404,19.7981,21.4429,21.9285,20.5057,21.2373,20.7941
O02115,20.9189,21.2123,20.621,21.4216,21.714,20.0054,20.858,20.9158
O02155,21.6973,21.5883,20.998,20.7999,21.1134,21.2498,21.1876,21.3283
O02155,21.3693,21.4908,19.8887,21.8023,23.9426,25.6549,24.6732,26.0366
O02286,24.8265,25.7113,25.1764,25.6507,21.3781,21.0326,20.8318,21.2191
O02286,20.8203,20.9871,20.4105,21.7129,20.6745,20.7507,20.6934,20.9993
O02328,20.8741,21.631,21.2732,20.8164,24.1215,22.9999,22.9217,24.4425
O02345,21.6452,21.7673,20.0969,21.8291,20.0579,19.9506,21.0263,21.2751
O02345,23.7512,23.5217,22.4557,23.2944,24.9156,23.434,22.7424,24.3095
O02365,21.7631,21.4109,19.084,21.4321,21.6566,21.1985,20.2432,20.9601
O02365,21.8192,19.9075,21.1373,20.8861,21.933,20.808,21.343,19.8194
O02365,20.6828,21.7709,19.0128,21.844,21.9416,21.1481,20.9172,20.7155
O02495,31.1154,31.1267,30.3864,31.1665,31.0405,29.8486,29.1193,29.9302
O02495,29.5597,23.6814,24.3235,25.3318,25.2447,23.6324,24.3361,24.2707
O02495,28.4249,29.8396,27.8228,28.4543,28.5272,28.0998,29.1475,28.234
O02495,25.8624,25.5395,25.0915,26.1356,27.0486,26.2581,27.8659,26.7562
O02495,27.7605,25.9373,26.4616,26.6957,27.2444,24.8153,24.7768,24.818
O02495,20.5463,21.5009,20.8442,21.4587,24.4753,21.3014,23.0313,22.3333
O02621,20.7949,21.2672,20.0771,20.3395,21.9202,20.7773,20.2238,21.0418
O02628,21.5295,21.2935,21.1088,21.2503,22.671,21.4051,21.5789,21.8884
O02639,22.5509,22.6259,22.1594,21.9596,23.0259,21.6701,23.7276,23.2411
O02639,20.8773,21.736,21.0638,21.0906,21.8556,20.7465,19.5404,20.4858
O02640,21.3447,20.969,21.4216,21.6686,21.9584,21.1712,21.229,21.0098
O02640,21.1031,20.2312,21.404,20.6173,20.3597,20.8337,21.0895,20.3914
O02641,22.8615,22.8975,23.1108,22.2273,20.7247,19.918,21.3405,21.0168
O02641,20.7034,20.627,21.5215,21.1019,20.6627,21.1591,21.2438,21.2511
O16000,22.6706,22.1255,22.5239,23.1745,23.4386,25.0342,22.7569,23.2001
O16000,24.0702,24.2704,22.6605,23.9614,20.4015,20.8101,21.2616,21.3817
Q8MXK1,25.33,23.2515,24.6118,26.0016,26.3645,23.4275,21.7842,24.1432
O16297,21.0701,21.2448,20.6818,20.1264,23.292,21.9733,21.028,21.7146
O16303,23.5798,23.5703,23.1903,23.581,22.8573,20.7001,19.0712,21.5483
O16303,24.0063,24.2141,22.5282,23.0928,23.8007,23.7151,25.3083,24.3055
O16303,24.6248,24.6459,24.1494,22.9104,25.5961,23.2471,23.8306,25.1133
O16305,21.9447,20.5353,20.5391,21.6873,21.5246,20.4465,20.6853,21.1139
O16305,26.2454,25.0639,25.2593,24.8573,26.585,23.7617,26.9756,25.0883
O16305,23.5862,23.4099,23.1235,22.8857,21.7596,20.7413,21.2302,21.2175
O16305,27.4567,25.8086,24.4647,26.7734,25.9057,24.8368,25.3766,25.3397
O16305,23.7337,24.9374,24.7853,25.1522,21.1358,20.4219,20.6677,21.4124
O16331,25.0218,24.7893,24.9436,25.736,23.987,22.1473,22.5899,22.5054
O16331,19.8327,20.118,21.4106,21.457,21.4203,19.9191,20.2342,20.9022
O16368,21.7263,20.3041,20.6068,21.4232,21.3037,20.7875,20.9842,20.4941
O16368,21.7533,21.5543,20.3806,21.1485,21.8239,20.4574,21.333,21.3534
O16406,23.9941,25.2113,24.8464,25.6299,25.0831,27.6623,26.3693,25.5298
O16454,21.1177,21.6431,20.4661,20.3654,20.7892,20.7117,20.3612,21.0915
O16517,21.4347,21.096,20.4758,21.5268,24.0005,23.8294,24.3304,23.1954
O16517,21.4395,21.0715,20.8729,21.7691,21.1763,21.0463,21.1487,21.3967
O16517,21.8757,21.2385,21.4553,21.4752,18.9675,20.8522,20.722,20.9776
Q8MXJ7,21.6773,21.0349,20.0597,20.9796,26.2691,24.8837,24.0781,24.226
O16541,21.7376,21.5894,21.1912,21.2312,21.7313,20.8454,20.9402,21.1871
O16547,26.4786,26.6212,26.8181,26.9626,28.0877,25.5457,27.0617,27.8829
O16547,20.729,21.5954,20.9402,21.6897,21.9748,21.2032,20.2143,21.0601
O16547,21.7167,21.9467,23.1922,22.7284,21.6654,19.1847,20.8742,20.681
O16680,21.0099,21.2941,20.1785,21.7005,27.1104,26.1578,24.6262,25.0978
O16682,25.3601,25.5655,24.6888,24.8405,23.9551,23.6234,20.6295,21.4944
O16682,21.9046,21.3327,21.3588,21.1088,26.4945,27.3936,25.8522,25.7528
O16682,27.007,26.0055,26.4034,27.1692,21.3978,21.1944,21.3637,20.991
O16682,24.6348,23.6671,22.5389,23.9957,24.5383,23.047,24.5984,25.3203
O16682,26.7597,25.879,23.6604,24.2215,26.6264,23.7024,24.1593,23.257
O16682,21.4183,21.7429,20.5268,20.5418,21.7329,20.9867,21.0261,21.1717
O16682,26.2945,24.8506,25.4198,26.0341,23.136,22.2894,24.3813,23.598
O16682,26.1977,26.8983,24.8446,26.2143,26.513,24.1966,25.0526,25.3321
O16682,24.6663,25.1012,24.217,24.549,21.6205,21.0191,21.2727,19.9355
O16682,23.2723,24.1078,25.1395,26.8284,21.7965,21.2229,21.3638,21.3015
O16682,20.8225,21.7794,20.6042,22.2342,21.7036,20.0394,20.4571,20.7603
O16684,24.4088,24.967,25.6801,25.7677,27.5897,25.0614,24.9704,25.2285
O16697,21.177,21.3144,21.4766,21.8265,23.0213,21.1023,21.5792,21.2086
O16697,21.8693,21.2877,19.9751,20.6554,23.0213,23.315,21.4681,22.4297
O16785,20.8718,19.8416,20.9242,21.7402,23.4503,20.589,21.9703,21.7681
O16922,22.9174,22.8652,23.0315,23.051,23.8793,22.6655,23.0312,22.7559
O16922,23.5312,24.1293,24.1943,24.2586,23.9935,22.8076,22.4405,22.6725
O16997,21.6848,21.0638,21.3525,21.1824,21.141,19.8705,19.9786,19.8873
O16997,20.2734,21.3515,21.1085,21.8193,21.5233,21.168,21.2831,21.056
O17069,26.0771,25.3819,24.734,26.188,22.6875,21.4924,22.5958,21.4251
O17069,21.604,23.104,21.4029,24.0816,22.3702,23.1234,22.7004,22.4446
O17071,20.5653,20.6214,20.1967,20.3832,21.0218,20.6249,21.1219,21.3921
O17071,23.9155,25.5603,24.5639,23.6237,20.6829,21.1809,20.8968,21.2056
O17167,24.8818,23.673,23.1202,24.1368,24.678,22.3178,21.9758,22.338
O17168,21.1515,21.6664,20.4187,20.9137,19.6756,20.9505,21.3783,20.5359
O17199,22.7208,22.1751,21.2992,22.3575,20.6444,21.0232,19.9777,21.2128
O17218,24.8026,25.5166,25.2711,26.6813,26.2187,23.7765,23.3127,24.1173
O17218,27.4999,26.3949,25.7324,26.9769,26.9266,23.1198,24.5465,23.9512
O17218,20.9145,21.5082,19.7487,21.5707,25.0181,23.9374,24.1116,24.8876
O17328,21.1038,21.5586,20.1693,21.8094,24.6719,22.3517,24.278,22.9503
O17328,24.6875,24.6403,24.3512,23.9972,26.3892,23.4975,24.5822,24.5381
O17328,23.4032,22.1699,22.3079,24.0177,23.4542,22.6004,22.3591,21.7892
O17328,22.3726,22.1671,22.4494,22.6265,23.8131,23.6998,24.0195,23.5905
O17328,21.4366,21.4987,21.5077,19.6814,21.8353,20.5863,20.9118,20.8907
O17328,19.5643,21.5226,20.5006,20.9583,23.8953,24.5817,23.2011,26.1207
O17389,24.3643,24.3428,22.0744,23.2195,21.8387,19.6184,20.6132,21.2324
O17389,21.8524,21.571,20.878,20.5715,21.6456,20.916,21.2502,20.528
O17389,21.4383,20.6536,19.9584,20.3937,21.8912,21.2521,20.1553,21.1671
O17389,21.1976,21.5992,20.735,21.6066,21.5388,20.4385,21.3844,21.1398
O17389,21.8045,21.6222,21.196,21.8419,21.5065,19.6875,21.3321,20.24
O17390,22.3373,22.2716,22.182,24.108,21.8247,20.4925,21.5039,20.9495
O17397,22.4985,22.0441,21.8168,21.8342,24.52,24.5224,24.7308,25.2193
O17397,25.1064,24.2028,23.5593,24.7375,24.0776,23.2781,22.1798,24.7181
O17397,20.993,21.1428,21.284,20.1507,23.7576,21.549,24.5135,23.0232
O17406,21.4583,19.8605,20.9373,19.7263,21.6818,21.0264,20.9052,21.3717
O17406,21.7255,21.0543,21.2873,21.1037,20.6979,21.0155,19.6385,20.8587
O17406,21.8453,21.5693,20.2631,21.6156,23.3814,22.3028,21.7397,22.5361
O17406,21.32,21.3422,20.3093,21.9028,21.0505,20.732,21.3604,21.0481
O17406,23.5829,24.3,22.645,22.6791,21.3232,19.8116,21.2772,20.5155
O17406,21.9272,21.5339,20.702,20.8826,21.0036,19.778,21.0574,20.6304
O17406,21.8073,20.7702,21.2758,21.1256,20.4799,21.1577,21.2313,20.9715
O17406,21.6444,22.976,21.6408,22.6178,22.8776,20.6525,22.9887,23.1282
O17524,21.4313,21.284,20.4355,21.0422,21.9254,22.9588,24.3135,23.0985
O17599,23.9375,21.6227,23.2593,23.6414,23.9747,23.2531,23.7671,23.8557
O17607,24.0697,22.962,22.9291,23.1114,24.1473,25.0641,23.1361,24.4034
O17680,20.3461,20.2226,20.7252,21.9263,23.682,20.1899,21.6183,21.6691
O17682,20.4508,21.4798,20.0253,20.048,24.2324,24.3709,22.7704,24.5109
O17687,24.322,24.2368,23.5771,23.6913,21.8134,23.6969,23.5685,22.4525
O17687,22.5831,22.4205,23.5948,22.7077,21.8077,21.0012,21.3227,21.2399
O17687,24.2412,24.5746,24.0787,24.7575,21.1522,20.8079,20.905,19.7087
O17687,21.0379,20.5145,21.4868,21.363,21.5543,21.0923,20.4054,21.3903
O17687,23.3197,22.1177,23.0306,23.3093,20.7888,21.1914,21.354,19.9543
O17687,22.0413,21.1931,21.9629,21.8431,22.1365,23.8118,22.9951,23.1032
O17687,21.8408,20.6534,21.2942,20.6768,28.7964,27.737,23.5224,26.3082
O17687,24.6538,24.0361,24.0528,25.6338,23.3661,22.3111,21.3329,21.7314
O17687,20.7564,21.6043,21.3318,20.9906,21.6298,21.0301,21.0915,20.0864
O17687,26.9494,24.6629,25.5015,26.2512,21.5285,20.3215,20.3309,21.0023
O17687,21.9522,21.7826,21.07,21.9024,21.4925,20.1527,20.6503,20.9947
O17687,21.5157,21.1512,21.3415,20.386,20.3815,21.1525,20.3357,20.1911
O17687,21.6257,21.1138,20.5564,21.7969,21.6538,20.4733,19.8722,20.827
O17687,21.8668,21.0673,20.7306,19.1076,21.0189,20.9295,21.2873,20.6138
O17687,21.314,20.5434,20.2994,21.8902,21.8198,20.7793,20.2966,21.0559
O17695,22.8475,22.9655,20.9725,22.031,21.8741,21.1881,19.2292,21.044
O17742,24.9638,24.7815,23.8932,24.3124,21.6074,19.3993,19.6811,20.759
O17759,21.0062,21.3832,21.3497,21.3277,21.6634,20.7243,20.6279,21.4058
O17759,21.8306,21.2698,21.1233,21.203,21.3234,20.5246,21.2346,21.0643
O17773,21.8199,21.7465,20.1727,21.0675,26.557,24.5442,24.4379,25.229
O17785,25.4111,23.127,23.1055,23.5699,26.2103,25.2873,24.689,25.7169
O17785,21.8985,21.713,19.8612,21.4861,21.9176,21.0509,20.9551,21.0949
O17893,20.9883,20.9195,21.3265,21.682,21.7568,21.0533,20.5754,20.6956
O17907,21.8677,20.8772,21.4683,21.6928,21.1225,21.1264,21.1089,21.0974
O17907,21.4061,20.4535,19.9677,21.2665,22.5797,21.8037,21.8661,22.1666
O17907,21.58,20.9718,20.308,21.1535,21.7073,21.1836,20.6518,20.3204
O17907,21.1046,21.5998,20.4792,20.7291,24.1583,24.4385,23.7035,23.997
O17914,26.4966,26.7966,26.4169,26.7311,26.7901,25.4821,24.631,25.2561
O17915,21.3877,20.6995,19.5837,21.5955,25.2192,23.8814,23.7649,25.0018
O17915,21.8602,20.5036,21.3073,21.8109,21.1449,20.2938,21.1626,21.1361
O17915,21.5284,21.323,21.1919,21.1151,20.0108,20.449,20.9388,19.9621
O17919,23.8191,22.4366,22.1828,22.827,26.3532,21.6902,24.2986,20.8895
O17921,21.9557,21.0506,20.4185,21.3804,21.8021,20.4722,21.1359,21.1392
O17921,24.1167,25.2443,25.6476,24.5519,23.7614,22.9003,22.4994,23.922
O17921,21.9276,21.5268,21.091,20.8282,21.482,20.8805,20.8833,19.9555
O17981,22.2158,22.8662,21.8367,23.434,20.0945,20.3566,21.2971,20.4938
O18131,19.374,21.7745,21.1726,21.6832,20.2884,20.1657,19.8354,21.0777
O18158,21.6667,21.7215,21.5274,21.8171,24.0023,22.3324,22.9398,21.2745
O18158,22.9439,22.8011,21.8063,22.5792,21.969,20.9409,21.3489,21.3977
O18188,21.7022,21.3839,21.2153,21.5528,21.7698,21.0381,21.3542,20.9888
O18224,21.4573,21.7681,21.3743,21.3097,22.6628,21.3362,21.0397,22.2618
O18224,21.6518,21.2377,21.3483,21.7604,21.7812,20.9254,19.8358,19.7213
O18229,19.7644,21.2843,20.1135,20.5731,19.8455,20.2532,20.4939,19.1197
O18240,24.8034,23.5559,24.1573,24.6744,25.5751,24.7183,22.9346,25.0113
O18240,22.8811,21.4705,21.1984,21.2463,23.1396,22.6282,23.4434,22.244
O18307,24.7566,24.475,23.9045,24.4369,21.0057,20.9424,20.7296,20.7779
O18307,21.0997,21.2226,20.6197,20.5193,20.9375,19.9454,20.9786,20.9013
O18307,20.9775,21.3446,21.3868,20.9887,22.3251,23.5896,24.6674,24.2095
O18307,21.4661,20.8819,19.6447,21.1372,25.0762,23.6013,25.5801,23.9083
O18307,21.9187,21.123,20.735,21.3605,22.9464,20.5634,22.8146,20.2134
O18650,23.2667,24.4781,24.6769,24.9626,21.2889,20.8598,19.7231,20.4785
O18650,26.3845,25.6063,24.882,26.2664,27.1425,25.4926,26.0171,26.2124
O18650,21.3634,20.0991,21.1057,21.3337,21.8056,21.0178,21.1516,19.6297
O18650,23.6955,26.5718,24.1506,23.1207,24.5885,25.2171,23.0145,25.677
O18650,21.1981,19.8893,20.8364,20.6802,21.7309,20.8311,20.8522,21.142
O18650,21.2641,21.2202,19.7861,20.6041,21.5834,21.2024,21.3328,20.6641
U4PF18,22.0875,22.0522,21.7521,22.7181,23.303,22.139,24.1437,22.1802
O44144,24.9259,24.94,22.3754,25.0536,21.955,23.087,22.1529,23.0158
O44145,21.6423,21.6266,21.5111,19.9382,20.8296,20.7445,21.0492,21.0278
O44154,21.3175,21.7455,21.321,20.7977,23.663,22.5568,21.003,23.6303
O44175,21.5366,20.7933,19.8346,21.4302,24.6512,24.6655,25.9655,25.1547
V6CIR8,22.3198,23.1236,23.0942,22.732,22.3628,22.8071,23.2359,23.6815
O44400,25.5047,24.9632,24.7763,25.6684,25.0968,24.16,22.6244,23.1754
O44400,24.2052,24.1106,23.5675,24.8054,23.136,22.2409,22.6151,23.1089
O44400,19.9519,21.6394,21.0001,20.8767,21.4225,21.014,20.7248,21.277
U4PEY4,27.0283,28.0247,27.8369,28.82,29.1337,24.3127,23.8231,24.7608
O44441,21.9118,23.0121,22.6717,22.1573,23.1169,23.2528,22.6323,22.7119
O44441,21.3195,21.4052,21.1772,19.9463,20.9392,19.8067,21.1254,20.8404
O44444,21.7153,20.6571,21.478,20.3198,21.7372,20.7919,20.3365,20.8014
O44445,20.921,21.7209,20.4188,21.2749,20.2851,19.9875,20.5748,20.8489
O44445,24.3741,24.043,22.9159,24.0031,24.2257,23.6829,22.7676,23.9001
O44480,23.8844,25.3022,24.092,24.5044,26.4476,25.5386,24.9841,25.8153
O44480,26.9007,26.6613,25.6138,26.0031,28.8471,25.4567,24.8414,25.7383
O44480,20.8291,20.2849,21.108,20.1076,21.9631,20.3861,21.138,20.6753
O44480,27.2882,27.696,26.4421,27.7939,28.8318,27.4728,26.6445,27.2044
O44480,24.2897,22.7587,22.0961,24.109,24.5884,23.9128,25.7726,25.0196
O44480,26.167,25.9305,24.9298,25.5658,26.2784,25.8358,26.3883,25.3095
O44480,22.9972,23.0498,23.0362,23.6316,23.6099,22.0255,22.3982,22.2649
O44480,19.4945,20.2946,21.1803,21.2198,21.717,20.7745,20.7202,19.3845
O44501,21.4725,21.565,20.543,21.1458,22.7575,21.9657,21.9411,22.9438
O44557,21.9066,21.5651,21.2146,21.1003,21.7192,20.976,20.8806,21.0224
O44560,21.1974,20.4035,21.444,20.2364,21.2768,20.5499,20.3459,21.141
O44572,22.9635,25.9406,25.1152,26.0891,26.3915,24.1229,26.7671,26.8936
O44608,21.8709,20.9384,20.6386,20.799,30.4982,27.0587,24.836,26.4134
O44735,23.327,22.562,22.6506,22.7637,24.1435,21.8797,23.058,23.7988
O44735,22.768,22.9289,23.9277,22.2067,21.6576,20.3701,21.2966,20.6741
O44735,25.9155,25.1702,24.3189,25.4852,26.151,24.5667,24.8183,24.3069
O44739,21.1246,21.0928,20.646,21.8332,21.5586,20.479,20.8214,21.2963
O44752,25.8007,26.8418,25.9098,25.5796,25.7282,25.7946,24.0701,24.7215
Q9BL61,26.2816,25.0922,26.0422,26.1205,28.6864,27.83,27.0549,27.8302
Q9BL61,21.8855,21.4374,21.2402,21.4722,26.2184,25.0186,24.5973,24.0143
Q9BL61,24.5864,24.7418,22.9265,25.2883,27.2631,25.715,25.359,25.9194
O44782,21.8806,21.409,21.4107,20.8477,24.1604,22.5072,21.3391,22.1531
O44827,23.4752,23.8351,20.9431,21.3998,25.5397,23.3274,22.9114,22.0895
O44847,21.8716,21.6909,21.0548,20.3958,21.9557,20.5738,21.2842,21.0502
O44847,25.0426,25.1281,25.1042,25.4899,26.4549,21.7934,23.2277,22.3688
O44847,20.4814,21.203,21.3075,20.9582,21.3192,20.4358,20.5529,21.0532
O44847,24.9023,24.697,23.7054,24.9816,21.3617,21.1386,20.5274,21.0411
O44847,21.881,21.2066,21.5252,21.3247,21.6034,20.0829,20.2957,20.8948
O44885,20.5371,21.0144,21.0649,21.7772,21.8929,21.0351,20.8613,20.7665
O44887,22.4208,22.3687,23.2427,22.2193,24.2156,24.8178,23.2809,22.4562
O44897,21.9166,20.5853,21.3709,18.6099,24.2419,23.9939,23.5112,23.6575
O44897,25.5014,25.3002,25.4315,24.8737,25.6432,24.6726,23.8043,24.0093
O44897,23.1394,23.0349,22.2992,23.754,24.4265,22.39,23.0383,23.2408
O44951,21.6965,20.6915,20.174,20.7242,21.7802,21.1632,20.6415,21.395
O44990,24.514,24.8563,23.9864,23.6312,24.6591,22.0516,23.104,22.5113
O44990,20.8779,21.2504,21.3352,21.8832,25.1212,23.1186,23.9262,22.8722
O44995,25.6293,24.6027,23.9475,24.7844,25.5448,21.5087,21.6238,21.8136
O45012,23.4655,22.8263,22.3238,22.4992,20.2059,19.9443,21.2985,22.6107
O45060,24.593,23.9464,23.4905,24.2576,23.9209,25.9011,22.9094,22.67
O45060,26.1064,26.9567,26.8522,27.1033,28.8675,25.9391,26.181,25.9755
O45083,26.9242,24.9423,26.1206,24.4571,28.6094,25.4934,26.0432,24.4636
O45102,23.651,24.6785,23.5575,24.4568,21.4765,20.7431,21.28,20.8211
O45102,25.8475,24.7967,23.4136,25.9129,23.3963,23.5692,23.4134,22.8655
O45166,25.8793,24.6091,24.8826,24.9846,27.8911,26.1148,24.4616,25.7312
O45166,21.4478,21.0316,21.078,21.8579,20.5539,20.4671,19.5103,21.0508
O45319,21.3542,21.6325,20.7752,21.1124,21.8509,20.6705,21.028,20.9109
O45418,21.1054,21.1269,21.3463,21.2871,23.8281,22.9575,25.3215,23.7344
O45445,25.9275,23.7736,23.5753,26.1445,29.5652,29.6805,28.1273,28.5601
O45451,25.3709,23.7294,23.762,24.0007,21.4552,20.554,20.8647,20.7241
O45470,24.8614,25.3914,22.9328,25.028,25.5016,23.3053,24.2497,24.8492
O45470,27.9332,27.3367,26.8525,27.8313,28.2385,27.4802,25.7133,27.162
O45470,24.7619,24.3726,25.2717,25.5734,21.6567,20.5673,20.1773,21.0433
O45470,22.0681,21.9413,20.8772,22.2959,22.9258,23.359,22.9773,22.3598
O45495,21.932,21.5997,21.2713,20.6337,21.0996,19.6451,21.1588,20.8715
O45499,20.4918,21.6733,20.5674,21.3068,21.426,20.7146,20.2946,21.3631
O45502,23.6286,22.8762,23.0984,22.3362,23.7258,23.4172,23.4275,22.1421
O45562,21.6632,20.3616,20.1092,21.4116,20.4915,21.1651,20.6588,20.9527
O45577,21.3851,19.3944,21.3077,20.71,20.4691,21.0886,21.1805,21.4193
O45577,21.7272,21.7318,20.0403,20.6355,20.9858,20.5048,20.8973,20.8077
O45593,21.2924,20.4226,21.277,21.0995,23.4937,21.9829,21.2723,21.9655
O45593,22.181,22.2162,23.3568,22.2291,21.4061,21.1759,21.2187,20.9625
O45665,20.0225,21.4744,20.8926,21.4238,21.0862,20.4131,20.9496,21.2733
O45719,21.5534,21.771,21.4391,21.4322,21.1947,20.287,20.6494,20.3306
Q6BEV8,22.5468,22.5033,24.0525,21.5177,21.5392,20.8856,20.911,21.2246
O45723,24.1005,23.4335,23.6585,22.5119,24.5169,25.8895,24.5549,26.5344
O45723,21.6757,20.8714,20.7517,20.7245,21.7131,20.915,19.732,20.5844
O45734,20.9041,21.41,20.4623,21.4374,20.6144,20.9787,20.5687,20.4111
O45783,20.6361,21.7782,20.8629,21.5736,21.1442,21.2362,20.4303,20.6115
O45815,26.5845,26.3459,26.1541,26.7557,27.0623,26.5539,26.0812,25.2041
O45815,21.6935,21.2683,20.2436,21.68,26.2732,25.0896,24.6268,25.2408
O45815,26.5482,25.9486,24.8694,25.0702,25.8537,24.0122,24.1381,23.5319
O45815,25.3004,27.2355,24.1853,25.6038,27.4999,25.898,24.4458,27.8592
O45815,21.4828,21.6554,21.3005,21.3019,24.7366,23.6819,22.4295,23.5054
O45841,27.6715,26.3265,25.7643,26.1912,22.8112,20.9381,22.2788,21.3823
O45865,21.6073,21.4053,22.4052,22.5095,24.2857,22.531,25.4035,23.5873
O45871,20.8533,19.8861,21.1555,21.4724,21.6201,21.2212,21.0458,20.4435
O45904,26.0458,24.0898,23.9738,24.1204,25.6841,23.272,22.8818,22.0203
O45904,21.8389,21.7363,20.9881,21.898,21.8371,19.3487,21.3331,21.0502
O45904,21.7558,20.7616,20.5314,21.7628,25.232,25.4359,23.6088,25.1587
O45904,21.1974,20.9631,20.379,21.8794,24.8047,22.211,24.238,22.8055
O45904,25.5504,23.8042,25.0326,25.6495,25.7983,25.6784,24.1438,25.1199
O45904,21.0176,20.3588,20.855,21.9283,22.0411,20.9295,21.3787,22.136
O45946,27.3319,27.5465,25.5453,27.1565,26.4493,24.591,22.8216,24.5652
O45946,20.9425,19.1311,21.2348,21.6231,26.4842,26.8686,25.0826,26.5772
O45946,27.3585,26.4847,25.6795,26.0863,27.5502,26.0851,25.4842,26.2639
O45946,25.049,25.0513,25.1362,24.1785,26.4983,23.8818,22.3208,23.5266
O45946,27.7999,28.6281,28.2812,28.4885,27.8537,26.8229,26.5399,26.6662
O45946,23.5632,24.7198,23.312,24.0615,24.2248,23.0012,23.7831,23.7267
O45951,20.7236,21.3563,21.3194,21.0747,25.1895,26.4018,23.9994,24.2533
O61216,21.7211,20.6123,21.2481,21.5347,20.4434,20.8433,21.1816,20.4502
O61217,20.4009,20.6652,21.2158,21.308,24.5344,22.4047,24.4754,21.1754
O61708,21.6405,20.693,21.0729,21.7464,21.96,21.0531,21.0029,21.199
O61708,21.8417,20.0049,21.3647,21.8847,21.6795,20.9922,20.5448,20.8119
O61742,25.0297,25.2025,25.2668,24.3481,26.1681,24.3234,23.8797,26.2516
O61786,25.1071,24.8668,23.3801,24.1184,26.6999,26.8763,25.8704,27.6928
O61792,21.8604,21.431,20.4805,21.3228,20.2395,21.1877,20.4609,20.4999
O61820,21.3602,21.1698,20.8575,21.8775,22.1578,21.5755,21.62,22.4038
O61861,21.8113,21.6682,20.8313,20.2975,20.4342,20.8396,21.2869,20.9049
O61865,20.1361,21.3425,20.4144,21.1747,20.6584,20.7328,21.2999,21.145
O61974,23.2363,22.9456,24.5155,23.4765,21.8443,23.0537,23.257,23.5156
O62053,21.3832,21.0715,20.9234,21.015,21.1516,20.4597,21.2376,21.2222
O62071,24.8413,24.3107,23.8793,25.399,23.1342,20.9722,21.136,22.0461
O62136,20.192,21.4843,21.536,21.4209,22.8373,23.6728,20.5176,20.6066
O62149,20.8408,21.2549,20.9616,20.9918,21.6811,20.6767,19.8308,20.0835
O62149,24.1125,25.116,23.0653,24.0684,20.8581,21.1492,20.306,20.2799
O62213,23.5571,21.0759,25.16,24.6857,24.8756,24.7482,23.3597,23.7497
O62213,21.5547,19.7437,20.4798,21.7599,21.9687,19.9978,21.1858,20.986
O62220,20.5462,21.3763,20.7713,20.2798,21.6843,20.2735,20.271,21.0875
O62220,21.0828,21.1883,20.9659,20.8767,21.7945,20.9123,20.9824,20.8614
O62220,20.7418,21.2228,18.1553,21.9199,22.1861,20.4386,22.63,21.4484
O62236,21.7739,23.4937,23.146,22.4981,24.0674,23.5798,25.3408,26.0981
O62236,20.9703,19.3881,20.841,20.8615,21.8277,20.6811,21.0238,20.1578
O62236,26.2286,25.4928,23.0298,23.7161,24.4462,22.2222,23.2381,23.6441
O62236,20.8792,21.3908,21.0759,20.7697,21.9556,20.6523,19.3752,20.7184
O62250,23.8735,24.3544,23.86,24.5506,21.1065,21.127,21.1214,21.2852
O62261,26.8956,25.8167,24.7447,25.9617,21.8073,20.6612,20.8718,21.2179
O62277,21.7459,21.2208,20.9735,20.4536,25.5657,24.2499,23.0824,22.4851
O62317,24.5943,24.2529,23.4822,24.1033,22.6415,23.1031,22.3383,23.2154
O62317,21.414,21.434,20.8931,21.0606,20.8719,20.7503,20.6558,20.441
O62317,25.5755,24.709,24.3772,25.5541,23.6941,23.2375,22.74,25.3528
O62317,24.286,23.6986,24.7937,23.7299,21.3306,20.5135,20.5678,20.6926
O62317,26.5567,26.1774,26.5259,25.8717,25.5847,24.4321,26.7169,26.0272
O62317,24.6347,24.9884,23.1167,25.169,21.8529,21.207,21.1994,19.864
O62317,24.2102,23.8946,24.0818,24.1545,20.5166,20.8734,20.0153,20.8692
O62317,24.5511,24.4965,23.7524,23.0686,22.7155,22.3917,22.6542,22.2226
O62327,21.7023,21.6479,20.5634,21.63,21.7469,20.7473,20.8317,19.89
O62327,20.1868,21.7247,21.337,21.5729,21.557,20.5183,21.1349,20.7466
O62328,21.5439,21.0598,20.2427,21.2785,24.6692,23.0134,22.2599,22.693
O62344,25.2927,25.2039,22.9572,23.3141,25.7714,24.3928,25.9859,26.0159
O62344,21.1888,21.0478,21.0499,21.2108,21.7281,21.2727,23.4081,21.8376
O62347,21.9182,20.9664,21.4547,20.9766,21.7733,21.1989,20.7936,19.7772
O62347,19.6952,20.7513,20.4333,21.6566,21.6807,20.402,21.3843,21.1274
O62415,24.1451,22.8982,22.9315,24.9552,21.885,20.9968,21.3157,21.1265
O62421,21.6942,21.3416,21.3688,19.6023,22.4036,22.412,21.9586,23.3779
O62432,29.6538,22.825,24.1027,27.8214,29.6363,24.6489,26.3236,26.4478
O62432,24.4764,26.276,26.5393,24.2456,25.9636,24.9241,23.5108,24.9596
O76258,26.0287,26.3215,25.0757,26.7977,26.5521,25.5341,24.6334,25.469
O76360,20.6225,20.4978,20.6881,21.4173,21.9188,20.7854,20.304,20.7116
O76371,21.0935,20.3564,21.2418,21.6547,21.9727,19.7268,20.4439,20.9216
O76371,22.0661,20.8153,21.2723,21.1294,22.9881,23.1816,23.6459,24.0691
O76371,21.3009,20.9637,21.3548,21.7567,24.6504,24.1757,25.8297,24.3311
O76371,21.4203,21.6783,19.7783,21.6756,21.4737,20.9773,20.9831,19.9775
O76371,21.6314,21.1061,19.1909,21.5535,20.842,20.4623,20.4958,21.1293
O76371,24.644,23.6757,23.8057,24.4339,25.2406,24.5033,24.3337,23.3757
O76387,25.4948,24.8193,24.2607,24.5454,21.6577,20.4232,20.29,20.8881
O76387,21.6339,21.6954,21.4373,20.1361,21.7342,20.4054,21.2596,20.5122
O76565,26.8471,25.1113,22.0666,23.5376,25.0478,24.1316,22.3379,23.058
O76651,26.1283,25.0053,25.2238,25.7513,23.6778,21.2578,26.0591,23.6765
O76651,24.6576,24.6056,23.5118,24.301,21.9246,21.1857,20.5619,20.766
O76743,20.9359,20.6094,20.3958,21.6139,21.0711,20.4126,21.3028,20.9965
O76837,21.8895,23.5768,22.3451,22.8228,21.9014,21.1105,20.066,21.133
P02513,20.2504,20.5851,20.2474,21.0069,21.5383,19.6814,21.0571,20.075
P02513,21.068,21.4712,20.7192,21.9062,21.3983,20.3515,20.8844,20.0878
P02513,20.9462,21.9172,21.297,22.5344,24.5222,20.4811,22.5895,22.4459
P02566,18.5588,21.0373,20.4098,21.9138,26.9695,23.3533,22.6622,22.3491
P02566,24.9719,24.4888,25.0195,24.8443,26.5273,24.94,25.8922,26.985
P02566,21.3535,21.7248,21.5195,21.3706,23.5032,21.859,22.8752,22.8747
P02566,20.1914,21.019,20.5103,20.4656,21.5736,20.8514,20.6527,20.1883
P02566,20.4799,20.7307,21.4431,21.6515,20.9903,20.9072,20.1923,20.2956
P02566,22.7301,22.0053,23.4632,24.0406,20.8322,21.0567,20.8654,21.228
P02566,25.5501,25.1086,24.4851,25.7686,25.5528,27.395,24.9425,24.7833
P02566,21.9435,20.9983,20.9958,21.3409,23.9411,24.1419,23.5123,24.7254
P02566,20.9806,21.0617,21.1269,20.4819,20.7371,19.7333,21.3846,20.9318
P02566,25.684,25.6834,26.0187,26.6082,27.8524,25.3473,25.6382,26.0198
P02566,20.3158,20.4067,19.4499,21.6901,20.7016,20.4386,20.985,20.8424
P02566,25.3567,25.6941,24.621,24.9742,25.8479,25.2479,24.3484,24.4734
P02566,20.7025,21.2733,21.1532,20.9118,26.8317,22.5181,23.1432,24.3836
P02566,21.1823,21.1509,20.0801,21.5476,21.3367,20.2281,20.6917,21.6341
P02566,29.9533,29.7979,28.2971,30.3989,30.588,29.4065,29.6548,31.5611
P02566,25.5024,26.0676,23.6639,24.7416,27.2973,28.2399,28.5861,28.0788
P02566,21.6945,20.299,21.427,21.6514,22.9516,20.5604,21.5122,22.1095
P02566,21.7919,21.7017,21.3589,21.6126,25.6859,24.0848,23.5428,24.7835
P02566,23.4057,23.1127,22.2316,22.853,26.9594,26.193,25.0146,25.1159
P02566,29.572,27.6347,29.1881,29.0563,30.0774,29.5129,28.6231,28.4778
P02566,25.3492,23.4991,24.0033,23.2703,26.4872,23.7099,22.3816,22.6322
P02566,20.8463,21.6165,21.2672,21.8289,21.8501,20.7246,20.5656,21.4138
P02566,21.4113,21.5157,19.2222,21.5699,21.7596,19.9812,20.851,20.4748
P02566,20.8019,20.9173,21.4709,21.6403,23.2572,20.1654,22.0602,21.1384
P02566,21.9111,21.6529,20.5667,21.5417,21.7078,19.0378,21.0386,20.8962
P02566,24.5824,24.5775,24.1016,24.3428,25.4618,23.4777,23.0971,24.0503
P02566,21.1979,21.6081,20.6212,21.0726,28.9573,23.1665,25.9703,25.9736
P02566,21.0987,20.7668,21.3797,20.1483,26.5936,23.1665,24.8273,25.9934
P02566,26.9094,26.9262,26.3771,27.5105,26.4172,24.1006,24.2645,23.9146
P02566,26.1835,27.0514,26.3771,27.2187,26.4172,25.3266,24.2645,26.6338
P02566,20.6599,20.837,20.4415,21.8513,20.5797,20.5153,20.6724,21.1349
P02566,24.5922,25.899,24.531,25.5574,26.6914,27.1948,27.4574,27.5587
P02566,20.9392,20.7264,20.8338,21.4548,23.7763,22.5651,22.8031,22.5119
P02566,25.6451,23.8383,25.3324,25.7595,27.1317,24.4658,23.9556,25.3337
P02566,26.2395,27.9256,26.8531,27.6561,28.8627,28.11,28.3916,29.1461
P02566,25.0208,23.9599,24.4244,27.0411,27.2941,25.3314,25.0982,26.0252
P02566,24.5737,22.2131,24.6297,25.2085,28.035,27.5633,27.8842,27.3316
P02566,21.7068,21.2357,21.4808,21.2752,24.4902,22.1083,22.6883,22.4523
P02566,27.0511,26.8463,25.355,26.0776,27.7057,26.8012,27.7944,27.23
P02566,29.0617,27.3174,27.9117,21.8584,30.4276,27.3789,23.6017,26.2435
P02566,24.4912,23.0654,22.944,23.4457,20.4479,25.9447,25.844,25.8446
P02566,24.133,23.8229,23.3761,24.0498,28.5104,25.3512,24.2516,25.9936
P02566,23.4722,24.3346,22.6146,23.461,27.0662,26.9805,27,26.5375
P02566,24.069,24.1975,22.2538,23.7493,26.8707,26.0915,23.2313,25.8485
P02566,21.42,24.3504,22.0124,23.176,25.9042,23.7601,23.1436,23.5441
P02566,23.2338,21.1796,21.9224,21.041,26.1874,24.2591,26.3234,26.4427
P02566,23.9893,23.5864,23.3401,24.4807,26.8177,26.6003,26.948,26.1318
P02566,26.4793,23.4829,26.4152,26.8232,27.9521,25.3518,25.2378,23.5037
P02566,21.9017,21.6252,20.6882,20.8343,25.2546,23.6447,23.7532,25.1822
P02566,20.9915,20.5097,20.8586,21.2806,21.6322,20.9188,20.7675,21.2238
P02566,20.0221,21.5479,21.5329,20.7363,21.608,20.7517,21.2789,21.2768
P02566,23.609,24.1958,23.576,23.3084,22.3912,22.6948,22.8369,22.6956
P02566,24.7247,25.2242,24.8046,25.2642,27.7441,27.4174,27.0744,28.5
P02566,24.8783,24.4983,24.8834,23.9712,21.2171,20.2886,20.2572,19.7776
P02566,21.9417,20.6947,20.9372,19.4969,20.3449,20.9428,21.3855,20.7433
P02566,21.4101,23.4449,22.1412,23.172,24.8162,25.034,25.0994,24.6408
P02566,20.6452,21.0562,21.1323,21.5362,21.0819,21.0536,20.7421,20.8091
P02566,21.8864,21.1559,20.9174,21.522,23.9064,23.6826,21.5374,21.7987
P02566,25.8094,26.8317,24.7401,25.6149,24.8342,22.8994,24.8722,23.3487
P02566,25.8003,25.2226,24.6081,24.4976,25.7855,23.5682,25.0818,24.3075
P02566,21.8284,21.4291,21.0126,20.3853,24.1045,23.1677,22.6223,22.8783
P02566,21.7501,20.7294,20.8146,20.7441,21.6338,21.2407,20.907,21.3066
P02567,24.8338,26.3434,25.913,26.3211,25.42,24.7629,25.6565,24.0319
P02567,22.9105,21.8541,22.2802,22.2144,23.4551,21.4857,21.6183,21.7175
P02567,21.7109,21.6704,21.1671,21.6617,21.7666,21.0147,21.3452,21.072
P02567,22.7816,22.12,20.3282,21.9182,21.6979,20.1966,20.9636,21.2521
P02567,23.0742,24.4706,22.2744,22.7975,24.3378,21.9387,22.7545,23.1422
P02567,26.7327,25.2686,25.681,26.0415,27.5658,25.4063,24.6643,25.17
P04255,23.5089,33.5983,33.141,34.2077,33.5777,33.056,23.0103,30.9413
P04255,26.7847,25.5079,27.5832,26.3353,28.0428,26.5718,24.7022,27.2324
P04255,25.1443,23.5586,22.86,24.2988,21.7412,21.0659,20.1352,21.1892
P04255,21.8634,20.4076,20.7386,20.9181,25.4069,24.4727,23.0212,24.0239
P04255,24.2122,26.5457,25.4612,26.2943,28.0065,26.2667,25.7624,26.5396
P04255,27.6831,28.3509,27.3611,28.9591,28.0563,25.0131,26.7246,26.9047
P17331,23.7743,25.2097,24.9534,25.1714,21.3234,20.7842,20.4284,20.4517
P17331,20.9207,21.6942,20.268,21.7157,20.4574,19.8375,20.2899,20.7006
P17331,23.2974,23.6452,22.4127,23.0747,21.419,19.8971,21.3033,20.9346
P17331,21.5454,21.5025,21.5031,21.3465,21.5845,20.685,21.2875,21.0785
P05634,22.5085,22.2546,20.6255,23.057,22.998,23.3088,24.7205,24.5798
P05634,20.9131,21.2623,21.0704,21.5404,23.6428,21.8257,20.9524,20.7803
P05690,21.3286,21.2546,19.7278,21.5204,20.4111,20.3617,20.0642,21.2789
P05690,21.1091,20.3368,20.7228,21.1359,21.0812,21.0981,20.5191,20.8922
P05690,21.8313,21.2049,21.1421,21.3374,23.5478,23.2149,22.6952,23.0573
P05690,21.0377,20.2928,21.1366,21.1783,21.1868,20.688,20.7885,21.077
P05690,21.9185,21.1985,20.429,21.6369,21.8015,20.8656,20.5341,21.3305
P05690,21.3071,21.5304,20.2436,21.2959,21.4636,19.7673,19.8622,20.9644
P05690,24.3281,23.7877,22.7471,22.337,23.1645,24.0511,23.4845,23.0146
P05690,21.902,21.2336,19.8992,20.8508,21.5513,20.9461,20.3956,20.2255
P05690,23.987,22.6861,24.5271,24.3313,23.5539,24.1994,23.3248,24.0046
P05690,24.4694,24.1744,23.7738,24.3259,23.4996,22.7749,23.4075,23.0422
P05690,23.779,23.8702,23.5289,23.8123,21.6998,21.1492,20.7102,20.8736
P05690,21.7409,21.7871,21.1229,21.5203,21.2326,20.5035,21.3713,20.351
P05690,24.6091,24.9312,24.8289,26.6128,23.5212,22.781,22.8335,23.5237
P05690,21.6658,21.6414,20.7109,21.3212,21.1723,20.8127,21.3375,21.3018
P05690,21.0938,21.4885,21.0439,21.6413,20.9168,20.098,21.0396,20.4791
P05690,22.0025,23.3327,22.5084,24.5332,23.8748,21.2647,21.9694,23.8721
P05690,21.1355,20.843,20.0441,21.4827,21.7397,20.7362,20.1221,21.2571
P05690,26.0428,24.1163,24.1245,24.9142,21.6758,19.501,20.6461,20.8976
P05690,21.8976,21.7409,21.2728,21.3794,21.3012,21.0527,20.6193,20.8706
P05690,23.1387,22.4813,22.7886,23.9066,24.9875,22.5613,21.7962,22.912
P05690,21.8891,20.8735,19.7725,20.8814,22.445,22.4788,23.3409,22.6448
P05690,23.8298,22.9224,21.8295,23.5984,23.6647,21.8398,21.727,21.3499
P05690,27.2119,25.442,25.4707,26.77,24.6856,22.8076,23.8386,23.2569
P05690,23.8183,22.347,21.7961,22.25,21.1093,21.0644,19.4512,20.9173
P05690,21.6249,21.0275,21.1927,21.0735,24.6363,25.5913,25.5115,21.5223
P06125,21.4153,21.3835,20.7095,20.9382,25.9377,22.8397,22.3881,21.8238
P06125,22.8467,22.6887,21.8766,22.3234,23.2427,24.2429,22.6299,24.4687
P06125,26.4665,27.2661,23.6037,24.8408,22.5026,28.2535,26.3722,26.2539
P06125,22.2438,20.4064,21.7162,23.2119,20.163,20.9998,20.7705,21.3467
P06125,25.1442,23.9514,23.7685,24.764,23.945,23.0673,22.225,23.0889
P06125,24.0495,24.1763,23.19,23.9271,23.8099,25.5805,24.3489,23.3944
P06125,21.8637,21.1813,20.8503,21.9122,21.9162,20.9011,20.9273,20.6451
P06125,23.6577,24.4998,25.6055,26.5321,21.3387,19.509,20.5593,21.4147
P06125,25.2161,24.3502,24.7922,24.8573,24.4921,22.9993,23.58,23.0935
P06125,21.9585,21.7555,20.0773,21.8399,21.3362,19.6789,21.1419,20.2355
P06125,20.9268,21.3483,21.2175,21.2583,21.4169,21.0175,21.0761,20.5591
P06125,23.7607,24.1744,23.2958,22.1527,22.1984,24.3919,24.7706,25.6468
P06125,21.6146,21.9473,22.2883,22.6215,21.3824,20.7695,21.0551,20.8188
P06125,23.4932,23.1926,23.3846,24.1983,22.8677,21.0911,20.6395,20.2027
P06125,25.1536,26.3739,25.0372,26.6404,26.3523,24.4762,22.3474,23.4113
P06125,24.9005,24.7127,25.1095,24.7565,24.4232,24.2568,26.1042,24.019
P06581,20.9714,21.3138,21.03,21.6587,21.1649,20.5203,21.3877,21.2297
P06582,21.517,19.9665,20.0399,19.9713,21.5732,20.5439,20.5827,20.8411
P06582,21.8058,21.5941,20.9597,20.6709,21.8068,20.0623,20.4002,21.0846
P09446,25.1838,22.794,22.4698,23.2459,26.3716,23.6666,24.55,24.5855
P09446,25.6723,25.2797,24.0369,25.7281,23.4089,24.9032,22.4508,24.0891
P09446,21.5679,20.9483,20.0323,21.8896,21.4745,21.0574,20.3295,20.878
P09446,26.4417,26.5251,26.1898,27.9963,26.2366,24.5915,23.5071,24.5304
P09446,25.8682,25.6187,26.8855,27.0071,26.6874,23.7226,22.8213,24.2263
P09446,24.3454,23.4346,24.6943,25.0212,21.4452,20.2513,20.899,21.3282
P09446,23.9457,24.5391,23.868,25.7121,25.3698,22.3909,24.3431,23.0299
P09446,23.9457,24.5391,23.868,23.6495,25.3698,24.0737,22.7014,23.36
P09446,29.8252,27.7712,28.896,29.2241,29.3779,28.6365,28.0286,28.0703
P09446,22.003,20.1781,21.4325,21.0528,21.4429,20.9026,21.1846,19.904
P09446,23.5398,23.8899,24.1903,24.6973,24.3448,21.2909,23.0315,22.3665
P09446,21.2506,23.6433,25.6677,25.6008,26.9169,26.3116,22.82,26.2565
P09446,28.9838,29.1211,29.3763,28.671,29.2267,27.3021,26.2023,27.9842
P09446,29.184,29.0256,28.1309,27.9198,28.5761,27.4228,28.4165,28.0382
P09446,22.6222,22.1398,24.0448,23.3035,21.9131,20.7786,21.0923,20.8839
P09446,28.4054,29.0487,26.965,27.1679,26.7612,25.7484,23.5555,25.4187
P09446,24.6321,27.9188,26.54,25.2217,24.8018,26.4729,27.6456,26.4028
P09446,25.0249,24.8543,24.7154,25.1049,26.0392,25.1822,25.2084,26.2151
P09446,24.7398,26.6598,24.7504,26.4227,21.7337,20.5676,21.3639,20.8924
P09446,26.6146,25.4251,26.4672,25.4906,25.981,25.018,23.4932,23.9758
P09446,21.8633,21.6192,21.4723,21.7349,20.3407,20.5461,20.7324,21.1405
P09446,21.9151,20.7664,20.6444,20.9995,24.6326,23.3565,22.5301,25.7742
P09446,27.316,26.9461,26.856,26.9794,26.6034,24.4406,23.4171,22.5578
P09446,24.0104,23.5434,22.6584,23.3307,23.4723,20.4367,19.239,19.7817
P09446,25.9922,25.4053,25.3027,26.4896,25.1255,22.9615,21.8281,22.6241
P10567,22.9867,23.5289,21.3861,23.0746,21.1219,21.1477,20.0112,21.2053
P10567,30.4414,32.1368,27.4787,30.4794,29.9475,28.838,27.7977,28.7061
P10567,27.5821,27.8524,26.3237,27.2078,25.8517,22.0749,21.6385,23.9932
P10567,24.5306,26.1281,24.7868,25.1961,21.4356,20.3414,21.0659,21.027
P10567,24.9287,22.8437,23.3729,22.9438,27.9287,27.0115,27.0843,26.3428
P10567,21.4248,21.4127,21.2685,21.489,22.7171,23.2631,22.2999,22.4942
P10567,20.9915,21.4044,20.0079,21.3997,21.7546,21.2503,20.6569,19.9265
P10567,26.4981,25.6956,24.9077,24.9908,19.9857,20.5988,20.4513,21.0257
P10567,21.6588,21.755,21.5132,20.5986,21.9472,20.5388,21.0143,20.3575
P10567,21.2979,21.6885,21.2892,20.7482,24.4083,22.2452,22.8037,22.4217
P10567,27.8339,26.615,25.1002,26.8999,26.9884,25.2951,24.1897,23.9698
P10567,20.3274,20.7941,21.321,20.7806,24.5409,24.5306,25.7648,25.2334
P10567,27.8594,26.8716,24.8974,23.466,23.8781,22.9967,23.0824,24.8955
P10567,25.5275,24.2573,23.3046,24.6019,25.5152,25.2115,26.7156,26.3367
P10567,28.2429,27.6262,23.4225,23.8437,20.6764,20.6104,21.3288,21.3179
P10567,25.7241,25.9611,25.5029,26.1185,24.6673,24.4299,22.7985,24.8235
P10567,20.7382,21.1188,21.2097,20.2877,21.7132,20.4146,20.7257,21.3164
P10567,23.6328,24.6,23.5803,22.4137,19.7837,21.1672,20.4663,21.2294
P10567,21.4794,20.9323,20.1914,21.6427,23.1511,22.3951,20.5858,23.7356
P10567,29.3826,29.9214,29.1958,29.8388,26.1253,22.8686,23.7809,23.5866
P10567,25.8821,27.9592,23.1782,24.2762,24.5165,25.4175,26.0152,24.7937
P10567,21.6783,19.7203,20.9784,21.8034,21.7512,20.0334,21.2049,21.2067
P10567,25.1816,25.3229,24.3186,24.7281,24.0349,24.0942,23.8902,22.1882
P10567,21.6563,20.7962,20.9238,20.8443,21.7612,19.9886,21.2779,20.1183
P10567,25.7514,25.6728,25.8928,26.0422,20.2101,20.0719,19.2761,21.3074
P10567,21.246,20.4836,21.3682,21.1278,21.9173,20.833,19.2738,21.0818
P10567,24.1659,23.7641,25.1345,25.6636,24.9497,25.0678,25.2284,24.5641
P10567,21.8143,21.4693,21.1974,20.3434,21.7326,20.4136,21.3017,21.3936
P10567,29.2188,29.0572,29.1086,29.6318,30.2652,28.6413,29.1682,28.9001
P10567,25.5769,26.3309,24.8025,24.1961,21.8297,20.312,20.6172,20.76
P10567,21.935,21.3459,20.7422,21.8617,21.4692,20.6382,21.3337,21.0481
P10567,23.7101,23.3388,22.177,22.8381,24.7624,24.9095,23.8814,24.6304
P10567,21.4237,21.2463,20.7431,21.2921,21.6127,21.2556,20.8657,20.8062
P10567,21.2574,20.5557,20.8587,20.7436,21.2942,20.941,20.8498,21.089
P10771,21.4222,21.3194,19.0324,20.833,21.8255,21.0526,21.2366,20.9427
P10771,20.5367,20.3049,21.5038,21.5995,21.3637,19.8537,21.2138,21.2225
P10984,20.7654,20.6149,21.0492,21.3982,25.7287,24.5792,24.9109,24.8526
P10984,27.1263,26.531,25.8328,26.9518,27.8233,26.0628,25.4905,26.0359
P10984,26.5482,25.9486,24.8694,25.0702,25.8537,24.0122,24.1381,24.4829
P10984,20.1053,20.169,21.3611,21.1286,21.7767,20.3892,20.9878,21.0956
P10984,27.1141,26.5668,28.5426,27.5179,26.9823,24.0971,24.5003,25.7022
P10984,27.1462,27.4502,26.49,26.5959,27.3923,25.8093,25.3129,25.1053
P12844,21.6297,19.7538,21.4998,21.4876,19.0687,20.8129,20.1517,20.9217
P12844,19.3618,21.0974,20.8651,21.5922,24.6998,23.9928,25.7754,23.7468
P12844,20.1973,21.6046,20.5747,19.4256,22.7856,23.9425,24.4768,25.1805
P12844,22.4632,23.4708,21.9573,22.9834,23.7953,23.701,21.8544,23.7949
P12844,21.6914,21.8232,21.1341,21.6173,21.9526,19.578,21.1332,19.9682
P12844,21.2268,21.0068,20.4766,21.2515,21.6506,20.2625,20.9886,20.8633
P12844,20.5484,20.0184,21.0737,21.5827,21.3451,19.0901,21.2378,21.2526
P12844,25.7017,24.2054,23.0336,25.0692,26.7414,26.8609,23.9427,24.9718
P12844,21.724,21.1911,21.4846,20.7518,22.0636,21.2109,20.677,21.2676
P12844,21.7149,21.3906,21.1476,21.6882,24.96,24.26,24.2579,22.9162
P12844,21.6483,20.3829,20.8046,21.6931,21.2756,21.0939,20.8504,20.4722
P12844,24.9518,24.71,24.7767,25.5983,26.5799,24.5435,23.8353,22.0832
P12844,24.712,23.2529,23.4823,25.2234,24.1554,21.5939,24.0398,22.1687
P12844,23.4192,21.7124,21.9166,22.9247,21.9495,19.8118,20.0317,20.3597
P12844,20.9777,21.5674,21.0038,21.8641,20.8956,20.2931,21.3693,21.0128
P12845,23.8199,24.3258,24.7289,24.6417,24.9718,24.6882,24.4879,24.4623
P12845,24.574,25.2376,24.6215,24.3005,21.5543,20.5147,21.3472,20.8453
P12845,24.0935,23.1285,23.2118,23.5965,24.1331,22.2521,24.0609,22.7418
P12845,25.9582,26.2179,25.5227,26.6525,26.2325,27.128,25.8944,28.4853
P12845,26.5238,25.6529,28.2994,26.031,24.3269,26.0477,25.4288,26.0425
P12845,26.5238,26.2866,28.2994,27.1099,24.3269,26.0477,25.5357,26.0425
P12845,23.7638,24.7749,23.1259,25.0843,23.9816,22.5268,21.3296,23.3664
P12845,25.7014,21.7228,21.0197,23.623,25.0991,23.7955,23.4828,24.1367
P12845,21.5343,21.4742,20.3331,20.4447,21.5159,20.9475,20.6474,19.8518
P12845,21.6484,20.9116,20.4087,20.721,21.2429,19.7949,20.1685,21.0179
P12845,21.4151,21.7554,20.9647,21.4662,24.6964,25.0102,24.4297,22.7988
P12845,21.1857,21.3575,20.6673,20.8846,25.5596,23.3002,23.2364,22.4647
P12845,21.7865,19.5954,21.1644,21.897,22.7431,22.3804,23.3447,21.3289
P15796,21.6739,21.4256,20.788,19.5825,21.6082,21.0187,20.5963,21.305
P17329,26.1283,25.9637,25.3724,26.293,26.54,25.7954,26.0863,27.4234
P17329,20.8714,21.6782,21.183,21.658,25.5488,25.6806,20.9298,25.8885
P17343,19.7542,21.334,20.1532,20.444,22.3605,20.2974,19.6526,22.7876
P18831,24.1032,23.1952,23.5966,23.4326,24.4604,23.4443,23.5577,23.8591
P18833,23.3521,22.6514,22.0692,22.7554,21.553,21.194,20.4756,20.9738
P18948,21.1962,21.2534,20.7155,21.2837,21.2026,20.5626,20.6187,21.3097
P18948,21.6042,21.0448,19.9719,21.5609,21.5928,20.7702,21.2978,21.0294
P18948,24.374,23.9025,23.7636,23.8258,21.6436,21.5525,20.6985,21.0961
P18948,21.9102,20.2401,21.1102,21.0757,21.7699,21.0768,20.5592,21.2574
P18948,24.7081,25.2907,24.8535,24.8965,24.3395,24.1361,25.9161,24.5495
P18948,25.9735,24.5351,26.1546,26.5205,25.1724,24.9691,23.2966,23.6491
P18948,24.4359,26.336,24.5524,24.3638,21.0856,20.3865,20.6066,21.2527
P18948,21.8375,20.7221,21.006,21.3968,24.1998,22.4996,20.3885,22.2201
P18948,23.3646,21.747,19.9262,21.069,21.0404,18.9577,21.3232,20.1464
P18948,26.3873,25.7029,25.4455,26.4026,24.9138,22.3366,23.318,21.756
P18948,19.9267,20.3605,20.1135,21.8719,21.5167,20.9857,20.6181,21.3377
P18948,27.3866,26.9545,26.3802,27.4252,24.503,24.2811,23.691,23.6586
P18948,26.5288,26.7275,25.623,26.1594,23.9043,23.4163,24.6707,23.0907
P18948,19.6304,21.5163,21.013,21.2989,21.8324,20.6035,20.7685,21.0921
P18948,27.011,26.2451,27.4213,26.8515,25.5249,26.3147,26.2861,23.663
P18948,20.4042,20.951,21.3996,20.8084,20.9035,20.3649,21.0734,21.3043
P18948,21.515,21.6998,19.5639,21.5773,21.4149,20.7778,20.9743,19.8042
P18948,20.2262,20.0722,20.5689,21.9172,21.8971,21.1446,20.4165,21.256
P18948,29.6236,29.224,29.0585,29.9625,22.0997,24.5185,22.9512,22.9299
P18948,26.3613,25.8511,25.2706,26.8648,25.7645,25.4267,24.3431,24.8491
P18948,23.7439,23.2053,21.612,22.9363,21.7362,21.215,21.2769,21.0969
P18948,21.1576,20.5352,21.5916,20.1781,21.9046,22.6875,21.3601,22.4892
P18948,21.7917,20.665,21.1174,21.8549,21.3471,21.2715,19.8155,21.1128
P18948,21.1888,20.6593,20.5083,19.6724,21.608,20.2871,20.4724,21.0924
P18948,24.8049,24.8125,23.7172,24.0144,23.9259,24.3089,22.8129,25.1286
P18948,21.5223,20.1897,21.227,20.8086,21.8143,20.9136,21.3219,21.2777
P18948,20.8175,21.5423,21.0192,21.5782,20.306,21.1557,19.5334,20.5659
P18948,21.9656,21.2811,21.1521,21.8757,21.9294,20.9719,20.0953,21.0282
P18948,26.1337,24.7148,24.3643,25.4547,27.5592,22.9525,24.3071,24.4427
P18948,26.7069,27.4614,25.1328,25.6553,25.2787,23.3302,24.0954,24.7379
P18948,21.1995,21.12,21.2935,21.3406,20.9262,20.7064,21.291,21.0348
P19625,22.0693,22.3414,20.4751,22.4421,23.9844,20.2889,23.3634,21.8872
P19625,21.9345,22.2725,22.3182,22.1932,21.828,22.0073,21.9521,21.6981
P19625,28.2079,27.9907,28.5172,28.7333,31.0463,29.1046,28.3733,28.9746
P19625,21.8235,21.209,19.396,21.5693,21.8067,20.7485,21.0591,20.4987
P20631,20.9837,20.2899,21.4768,20.9354,23.2396,22.706,24.9707,22.5971
P27604,26.1313,25.7375,25.6073,26.0379,24.521,22.2863,21.3177,22.1813
P27604,21.3173,20.413,20.916,21.6017,21.959,20.1597,20.6682,20.879
P27604,20.3584,20.944,21.3511,21.4599,20.6051,21.1725,20.6256,21.2688
P27604,21.2092,21.0998,21.5407,20.8602,23.0447,22.5163,24.3352,22.7511
P27604,21.4473,20.9754,21.0251,21.2586,24.6258,20.7867,20.9407,23.2079
P27798,21.4843,21.7864,20.6702,20.9534,21.8663,20.7654,21.1715,20.8848
P27798,21.505,20.9456,21.175,21.0199,20.8859,20.0634,20.7334,21.093
P29691,24.527,25.4344,24.1058,25.4827,23.7374,23.6997,22.6541,24.1658
P29691,23.9694,23.0594,22.3909,22.9987,21.6905,21.0647,21.2427,21.3684
P29691,24.4612,25.1357,24.1578,24.3382,24.3228,26.1326,23.5215,24.4224
P29691,25.4806,24.8918,25.4685,25.3111,24.2749,23.2725,21.0726,22.8453
P29691,21.3857,21.2455,20.891,21.6827,22.5921,20.235,20.7021,21.0948
P29691,22.9182,23.0525,22.129,22.0415,24.2442,24.9299,23.4888,24.5133
P29691,25.1632,25.8546,25.5936,25.2424,21.9088,20.5333,20.8532,20.9098
P29691,26.0228,24.4881,23.6964,25.0371,24.384,24.3767,23.1037,23.9807
P29691,24.8997,25.6639,23.661,24.2537,24.4895,23.125,22.5261,22.6866
P29691,22.9032,22.0793,21.8445,21.9571,24.9651,21.7777,22.6589,22.3254
P29691,24.207,23.5608,23.3706,23.9435,25.7544,25.1098,26.1148,26.3945
P29691,22.2332,21.7161,20.987,23.6376,22.631,18.1928,19.51,18.9536
P29691,21.6906,21.5156,19.9593,21.6885,20.8302,19.958,20.7191,21.2411
P29691,21.6177,21.2442,20.029,20.9549,20.3939,20.7343,21.165,21.1797
P29691,21.2043,20.2985,20.6803,21.4189,27.1921,23.3597,23.5279,23.8477
P29691,21.8638,21.2504,20.6658,20.518,24.7051,23.7432,24.4645,24.5912
P29691,23.3635,21.8364,22.4311,22.4324,23.8976,23.8227,21.8667,20.9535
P29691,21.2891,19.8924,21.5132,20.2892,21.9616,21.2603,21.328,20.8243
P30625,26.5601,26.5095,25.3049,26.1939,26.2607,22.7616,25.3339,22.7869
P30625,21.5379,21.5212,20.7444,21.4823,21.9179,20.7073,20.6793,20.8781
P30628,23.4432,23.2336,23.5879,23.658,21.4619,20.103,21.1213,20.9633
P30642,20.3312,21.2232,21.0383,21.8589,21.6841,20.6151,21.0046,21.4057
P34183,22.8424,21.936,23.0328,22.8097,21.4656,21.0619,20.5847,20.6177
P34285,20.5121,21.0446,21.1235,21.3307,21.8015,21.0659,20.944,21.3014
P34322,20.7597,21.147,21.1079,21.9072,23.4279,22.438,23.0641,21.116
P34328,21.8122,20.5947,21.3748,21.3121,21.564,20.5962,20.7705,21.169
P34334,25.3717,23.9335,24.069,25.1285,27.1277,25.703,23.8185,25.83
P34334,23.68,24.4732,23.1336,23.6207,26.8582,24.431,24.0892,22.4871
P34334,26.0266,25.3036,26.0937,25.0999,26.274,25.1357,25.5193,25.8346
P34339,21.5503,20.5112,20.7658,20.5335,20.4917,20.2497,20.7681,20.7065
P34339,21.7568,20.9149,20.099,20.6782,21.2671,20.8768,21.3668,21.1113
P34339,21.4701,19.3984,21.2801,21.7309,21.779,21.2168,21.1009,21.2899
P34345,22.3344,23.351,23.9373,24.4464,23.1401,23.6856,21.6342,23.114
P34360,21.8436,21.5237,21.5046,21.9037,23.437,24.0711,23.9123,22.9991
P34360,26.9121,26.3518,24.768,26.1482,27.7415,24.8873,24.8248,26.7326
P34360,20.4014,21.5294,19.8017,21.0787,22.8281,21.9401,21.6419,20.3815
P34360,20.4013,21.1875,20.5981,21.1829,21.6457,20.8188,21.1496,21.3352
P34364,24.6679,24.3703,23.7558,25.169,26.3899,25.0516,23.9587,25.1024
P34365,23.4612,21.7476,21.724,21.9061,23.8098,21.3877,22.8624,23.131
P34369,21.6135,20.7029,20.259,20.6383,25.2597,23.8987,23.0486,25.3661
P34382,21.1067,21.0946,20.7447,20.6997,21.7177,23.5745,25.3185,23.5304
P34382,24.1915,23.5263,21.3111,23.5401,22.5555,22.7979,20.5873,20.4124
P34382,20.7756,21.6287,19.8304,20.786,21.4298,20.6265,21.0842,21.2418
P34383,25.0285,24.2552,23.0001,24.2452,24.0495,22.5134,22.2491,22.299
P34383,21.5271,21.0907,20.3262,21.912,21.9134,20.0636,21.2475,20.9688
P34383,23.5152,20.7509,20.5683,21.9161,21.8516,21.2714,20.9073,21.2691
P34383,24.3007,23.3448,24.0835,25.4069,23.9428,21.8862,24.9931,21.7619
P34383,20.3772,21.6978,20.9837,21.5716,20.242,21.207,21.169,19.554
P34419,27.9232,27.5865,26.3444,28.1601,24.6955,23.7022,24.5401,23.8576
P34419,27.3042,26.7103,24.5703,25.3707,20.6677,19.8658,20.8953,21.1637
P34453,23.9206,25.7011,24.8859,24.9016,21.5742,20.0706,20.9435,20.8933
P34453,21.3948,19.9653,21.3062,21.4111,21.4126,20.2998,21.3193,20.3065
P34466,21.7809,21.6019,20.1844,20.1639,24.8461,26.8728,26.3262,23.7186
P34477,21.4856,20.8606,21.0359,21.7928,21.8398,20.7298,21.2279,21.3955
P34477,23.7188,22.8078,22.9645,23.2869,25.2809,23.818,23.5449,23.0987
P34477,26.2822,25.1965,24.1818,25.8133,26.8738,25.4981,24.9965,25.687
P34496,20.5873,20.9995,19.8933,21.8066,21.8082,20.7988,21.047,21.3468
P34500,21.6594,21.7457,20.3985,21.5019,21.7456,21.1678,20.9753,20.8641
P34501,25.3184,25.7019,25.3557,26.0784,26.7,24.9991,24.6761,22.5094
P34501,25.4932,25.5941,25.8698,25.8284,25.9331,25.5469,19.6151,25.7116
P34501,20.9422,21.3314,19.6717,21.8189,21.9578,21.2276,20.8732,21.2489
P34544,32.0931,31.3582,29.9925,31.9392,31.046,28.309,28.649,27.1649
P34552,24.8382,23.0363,23.77,26.506,25.3383,23.2392,25.7566,23.2327
P34556,23.9961,22.9667,24.2862,24.2659,21.4897,19.446,21.2614,21.3467
P34556,22.6856,23.0065,23.4857,22.9567,21.6121,20.9884,21.3794,19.8981
P34556,21.4534,21.7177,20.7886,21.5072,20.6149,21.1651,20.475,19.5769
P34560,21.9118,20.1049,20.688,20.8449,21.6076,21.2333,20.5523,21.3946
P34561,21.3245,21.1917,20.9345,20.38,21.0216,21.2079,20.7286,21.3258
P34574,21.6745,20.5802,19.3483,20.3597,21.8176,20.3255,20.7152,21.3411
P34575,22.6082,22.3644,21.4549,20.6204,23.3533,24.2675,24.4385,24.4949
P34595,24.9051,23.908,22.9483,24.0267,25.5271,23.7611,22.4547,23.9181
P34595,21.5171,20.372,21.4921,20.5739,21.3675,20.8285,21.2112,20.8394
P34595,26.5676,25.9301,25.29,24.7055,30.6012,26.5091,25.7422,26.6597
P34624,21.7337,19.1859,21.3945,20.9895,21.848,22.5409,24.4597,24.0833
P34629,21.0578,21.6966,19.5043,20.8803,21.8272,20.7385,21.0389,20.8216
P34629,23.8016,21.9837,21.525,23.8867,21.873,19.3766,20.3882,20.9273
P34647,21.2777,21.6772,20.8856,20.9413,21.037,20.9466,20.9564,19.8804
P34654,21.5691,21.7686,20.1903,20.7658,21.2922,21.2491,21.1457,21.3328
P34661,21.2816,20.0438,21.4939,21.7007,21.4046,21.2555,20.9581,21.2389
P34662,25.8799,24.9611,22.8556,25.1011,26.7658,25.4882,25.1363,24.4167
P34662,20.8981,21.405,20.4911,21.3606,24.0317,22.7805,23.0285,24.5556
P34662,24.026,24.1348,22.4683,24.975,26.284,24.5593,25.0134,24.6019
P34662,21.6917,21.6451,21.0671,20.2733,21.8005,21.0263,20.3691,20.4534
P34685,21.6538,21.3532,19.8943,20.7315,21.2022,21.0525,19.8125,19.8411
P34686,20.9677,21.7749,20.3549,21.58,21.8472,20.2553,20.9923,20.8831
P34692,20.3642,21.5641,21.531,19.8743,21.3609,20.9221,21.3247,21.2565
P34696,24.2101,23.4788,22.1356,22.9386,23.3498,23.2009,23.1003,22.654
P34697,21.2327,21.6998,21.3909,21.9159,21.7415,20.6276,21.299,20.716
P34697,19.6633,21.138,19.6102,21.7952,21.6158,20.7541,20.893,21.2676
P34712,20.6312,21.2229,21.3226,21.4792,26.4108,25.0662,25.089,24.8862
P34712,21.1403,21.7116,21.0995,19.9091,22.0143,23.6762,24.6972,22.709
P34712,21.334,21.7641,20.9488,21.3741,21.7449,21.1812,20.8366,21.2483
P34712,20.6873,20.8052,19.2432,21.2513,21.6086,19.9109,21.0484,21.262
P34712,20.5497,19.7958,20.1921,20.7707,23.9522,22.4933,21.3984,24.1479
P34712,24.8547,23.0204,24.4194,23.6898,26.4157,24.5079,24.5929,25.1851
P34712,20.9691,20.2845,21.4213,20.7291,26.8325,23.4802,22.8607,24.8548
P34712,20.5691,21.3668,21.3518,21.5183,20.4199,21.1617,21.014,20.1457
P34712,23.6341,23.7706,22.8924,23.2579,24.684,23.1152,25.2691,26.0518
P34713,24.3833,23.7085,24.4903,24.4157,25.1222,24.1595,23.2215,23.8013
P34713,21.6061,21.5286,20.1586,20.7211,19.9488,20.7288,20.8897,20.7326
P35129,21.078,20.8003,21.3973,21.6871,21.0021,21.0744,21.028,20.7761
P35129,25.4429,23.4742,24.6629,24.4874,26.598,26.0053,24.374,24.4938
P35603,21.572,20.5266,19.441,21.2816,24.877,22.6168,22.3186,21.2954
P36573,23.6558,22.8428,21.0907,23.5147,25.0194,23.7561,23.3793,23.3593
P36609,21.0699,21.3578,21.4564,21.0075,25.5308,23.4746,24.6883,23.7401
P36609,23.4745,22.9586,22.88,23.7507,21.2977,20.9314,20.1312,21.2789
P36609,20.9133,21.6271,21.5296,21.1588,21.3019,20.6246,21.1463,20.9296
P36609,21.7899,20.5272,20.0883,19.5294,20.2153,20.4815,21.0691,21.1395
P37165,28.4309,28.0884,29.0623,28.5197,31.2672,30.926,31.1741,30.3741
P37165,21.6521,21.2361,20.9197,21.6918,23.3361,22.0118,22.0919,23.1069
P37806,23.9685,25.259,23.0265,24.4751,23.8342,25.4899,23.5838,22.5517
P37806,30.0003,28.7862,27.842,29.4408,28.9383,28.8172,26.7133,27.9058
P37806,24.6991,24.7622,23.3236,24.3265,24.065,25.2449,24.4874,24.0777
P37806,21.8377,21.7382,20.6228,21.25,21.2333,20.7632,20.6837,21.2927
P37806,26.2675,25.3159,28.2653,26.2552,26.1458,24.3837,26.1269,24.2594
P37806,21.7669,21.4776,20.8327,21.3176,21.2456,20.8791,20.7913,21.1865
P37806,21.6061,19.8843,20.3134,20.5337,21.5657,20.8326,20.7942,20.9619
P37806,29.4719,28.8622,27.5485,28.7102,29.0881,26.9306,26.611,26.0707
P37806,24.1091,24.4343,24.6059,24.8162,23.8248,23.3537,23.4513,24.0134
P37806,24.8155,25.1641,23.9054,24.2099,24.2093,21.9748,23.9127,23.7701
P37806,26.4464,26.2143,25.7079,26.0358,20.7993,21.042,21.2363,21.4082
P39745,21.6194,20.6088,20.667,21.0972,22.7906,20.6091,23.8042,23.132
P41877,21.9645,20.8564,20.8477,21.9017,20.4615,19.9624,20.9572,20.0147
P41931,20.2465,21.1132,20.6223,20.5613,21.6596,19.9811,21.3817,21.1379
P41932,21.055,19.5721,20.3045,20.9961,21.8426,20.7826,20.5498,20.9048
P41932,26.035,24.4379,23.3212,24.7205,25.4168,23.8044,22.1881,25.6229
P41932,25.1693,24.6949,23.1453,24.6242,26.6422,26.9511,26.5729,25.892
P41932,23.7312,25.0583,23.3701,24.857,24.5261,22.7832,21.6032,22.4224
P41932,27.7561,27.0123,27.3738,28.2459,27.4988,28.1924,26.4795,26.9792
P41932,26.3446,26.1262,25.9833,26.9023,28.0117,25.5217,24.1462,25.3651
P41932,25.5458,24.1216,24.0343,24.5243,25.8267,23.0284,22.3925,22.7754
P41932,23.1173,23.6594,24.4385,24.0896,22.8608,24.1236,24.7897,22.9628
P41937,20.3947,21.7748,21.3926,21.8794,21.5031,20.3706,20.1741,20.1393
P41988,21.1671,21.7393,20.5516,21.4875,26.5739,23.2866,23.0308,24.0907
P42168,21.2746,21.7797,20.5416,20.3886,21.7118,20.1671,20.1596,19.3924
P42168,24.9126,22.0248,23.46,24.4626,25.6654,24.804,21.9476,24.127
P42168,25.0334,24.5703,23.5037,24.8237,24.5273,21.983,24.1935,24.1037
P42168,21.2321,21.0229,19.4114,21.828,24.2144,24.0929,25.2972,24.7039
P42170,20.9043,21.5174,19.81,21.8744,21.9018,20.6693,20.8623,21.3965
P42170,25.3069,23.8245,23.8955,25.2266,21.9343,20.8223,20.4505,21.3786
P42170,21.5018,21.0418,20.6481,21.1596,20.6791,21.2418,20.9789,20.9097
P46502,21.7558,21.1206,19.1805,21.4756,21.8392,19.9926,20.8297,20.382
P46550,24.791,24.9373,21.9609,25.6538,25.5196,24.8556,24.3709,25.3559
P46550,22.4049,22.297,22.3551,20.9994,21.1953,20.7443,21.2633,20.4324
P46561,21.9059,19.7282,20.9261,20.2521,20.9307,20.5543,20.1453,21.0925
P46561,21.5942,21.0754,20.3644,20.3857,23.4356,23.5813,22.3158,22.0808
P46562,27.2891,25.7579,25.9567,27.7027,27.2122,23.4328,25.6445,23.1897
P46563,20.7519,21.2496,19.8071,21.2546,21.8341,20.4431,20.7076,21.0997
P46563,21.9633,20.5044,20.9887,21.3994,21.8598,19.3654,21.3194,19.2881
P46563,21.7781,21.5794,20.5435,21.5334,21.3311,20.9922,19.2575,21.0862
P46563,21.9618,23.6143,23.5458,23.6379,22.4753,22.7454,22.7584,22.4748
P46563,21.8691,22.5736,22.3969,22.4392,23.743,23.0713,24.0185,21.8337
P46563,30.7443,31.4596,31.4274,32.6715,31.6414,28.0782,26.0918,26.5799
P46563,21.2538,20.9493,19.9877,21.1626,23.4152,24.2679,23.9508,23.9012
P46563,21.8159,20.9413,21.1303,20.8456,24.3662,23.5715,22.6695,24.1603
P46769,20.8722,20.753,20.8855,21.8343,20.9745,20.4206,20.6293,20.7845
P46822,21.4459,21.786,19.8548,21.3092,21.4844,20.9817,21.28,20.5568
P46975,24.431,25.1914,23.3607,24.3155,21.078,21.0302,21.2655,20.6089
P46975,24.731,25.1952,24.2464,25.0357,25.0988,25.9481,25.8573,26.375
P47207,21.2463,21.3903,20.0471,21.6031,21.4748,21.132,21.2226,19.6419
P47207,24.7226,23.0391,23.5485,23.3633,24.9679,24.4252,22.6404,20.9453
P47991,21.7057,20.459,20.4571,22.3423,22.4109,20.9119,23.2452,21.4715
P47991,25.7426,25.2557,25.4682,24.9395,26.2917,24.6379,24.4181,25.1094
P47991,25.0222,25.2472,24.4214,24.7851,26.0073,27.0864,24.671,26.8569
P47991,22.3561,22.9676,23.5084,23.953,21.2876,20.3959,20.811,20.9557
P47991,21.4551,20.1571,20.9703,20.5601,21.3868,20.2338,21.288,20.545
P48150,21.9352,21.4901,21.355,21.8016,23.7633,22.2077,20.9187,22.8093
P48152,21.7969,24.3355,22.3366,23.1184,25.1388,25.6091,24.2757,24.9259
P48152,27.7608,28.1942,25.502,28.0462,30.2918,28.7179,27.1408,28.3202
P48152,28.529,28.2793,27.9589,28.0217,29.806,28.2642,26.4992,28.3329
P48152,24.6154,23.6424,22.9687,24.179,25.4908,25.9151,26.2302,26.111
P48152,22.4257,24.9538,23.2532,24.4475,23.4475,22.9635,23.4937,21.4737
P48152,21.5906,21.5987,19.8868,21.6509,23.9722,24.9749,24.5632,24.8975
P48154,22.1027,22.5831,22.396,23.429,21.5539,21.2222,20.9962,20.1737
P48154,21.818,20.0169,19.978,21.9026,21.8222,20.6133,21.0509,20.9952
P48154,25.2311,24.0079,24.6006,24.917,26.1759,24.348,21.8597,24.1238
P48154,22.3643,23.6903,21.4481,21.5622,25.2324,25.758,25.3387,24.5592
P48156,20.8389,21.4197,20.5422,21.3799,21.7496,21.2029,21.0672,21.0301
P48156,22.8895,25.0755,22.4236,22.4982,26.097,23.1327,22.6963,24.9566
P48158,22.9013,24.5632,23.1344,23.6464,24.4751,25.0875,26.0187,24.7831
P48158,21.6316,19.5947,19.6542,20.7746,21.1152,21.1303,20.8198,21.2044
P49029,25.2006,24.6077,23.8134,24.0636,26.2789,22.4803,22.9924,23.2443
P49029,21.3805,20.91,20.8953,21.6112,21.9043,20.6802,21.1518,20.6497
P49029,25.567,25.7336,22.1916,23.9596,24.3956,24.6416,22.5493,24.5883
P49029,23.6039,23.5416,22.2354,23.7059,25.7021,22.9714,24.0797,23.0146
P49180,23.6582,24.3629,22.6261,24.2512,24.1498,23.3158,23.4552,24.2046
P49180,21.3687,20.7487,21.0641,20.7454,24.7162,23.6822,23.7608,25.8787
P49181,22.9941,21.7855,21.281,22.0976,21.8958,20.4809,21.2113,21.1906
P49196,20.8704,21.0614,20.3692,21.9254,27.0361,26.5927,25.6576,25.7941
P49197,27.0375,26.2062,25.5281,26.2641,27.2822,25.5557,25.9451,26.3047
P49405,24.3206,23.8412,24.1326,23.7372,25.2522,23.5487,24.4312,22.7722
P49405,20.3228,19.8928,21.2304,20.6514,21.4167,20.682,21.3089,21.1869
P49405,21.3834,21.2399,21.1104,19.8385,23.5465,21.8084,22.6783,25.9174
Q3HKC4,21.3165,20.3163,21.2856,21.4826,21.829,20.2295,20.6436,19.8216
Q3HKC4,25.8827,25.7051,23.9633,24.2382,23.9399,23.7837,22.7725,24.5249
Q3HKC4,27.916,27.864,27.8453,29.9773,27.2296,24.8936,25.5551,26.3946
Q3HKC4,21.2261,21.1971,21.1134,20.2652,21.8152,21.1473,21.2591,20.4303
Q8MNS3,22.1691,22.6032,21.4328,21.8586,22.7359,22.462,23.6675,22.4517
P49596,21.4046,21.4465,21.9036,21.8255,21.4598,20.9254,20.8094,20.9946
P50140,22.7511,22.8709,21.2395,23.1928,25.3905,25.1698,25.2488,24.9491
P50432,21.6163,21.7665,21.2363,20.6017,21.295,20.2523,20.9087,21.3568
P50432,24.9056,23.3036,23.8484,23.3859,21.8286,20.5087,21.1,20.2967
Q8I4H9,20.994,21.602,21.2334,21.4873,23.8191,23.1012,23.2448,21.1658
P50880,21.676,20.5614,21.4532,20.9267,21.7396,20.7514,20.7512,21.113
P50880,22.8938,24.0694,24.7997,21.88,21.436,20.8298,20.8157,21.3913
P50880,21.7113,21.5751,21.2635,19.7137,21.6274,20.9206,21.3905,20.482
P50880,21.7511,21.32,21.2577,21.289,23.0956,20.5233,20.8637,22.3929
P50880,23.6403,23.4441,24.5076,25.23,23.5843,24.7275,23.1965,24.846
P50880,25.683,24.9922,25.016,25.6859,27.3003,26.2771,25.0503,26.9746
P50880,21.8125,21.6196,21.4967,21.4264,20.459,20.9391,20.8979,20.7282
P50880,21.7613,20.5884,21.2815,21.8169,21.9101,20.5081,20.6681,20.9582
P51403,21.4328,21.4869,20.8714,21.6917,23.5652,22.1917,21.3254,23.7431
P51403,27.2006,27.7435,26.2863,27.6458,28.206,27.238,26.1902,27.1789
P51403,23.6373,23.4648,22.6566,23.1038,23.4405,23.6871,23.6497,23.4096
P51403,25.6802,23.2908,24.1906,24.572,26.881,24.3585,24.7262,25.8344
P51403,21.8731,21.0651,21.2717,21.8592,21.5587,20.8027,20.6123,21.1022
P51403,26.7862,25.3232,26.1679,26.8149,27.328,29.4219,26.1237,26.1312
P51403,24.3628,24.0536,24.9458,24.9843,24.8131,24.9961,27.0294,26.0774
P51404,21.1402,20.4842,21.3352,21.0912,21.8565,20.9549,20.9944,21.3124
P51404,21.3812,21.7304,21.0215,21.8342,23.8859,21.63,21.4877,20.5643
P52011,26.1252,24.1884,24.9607,26.6406,27.2499,24.0211,24.8461,24.5319
P52011,24.8942,24.3195,23.2448,24.5451,24.1715,21.958,22.7912,22.7218
P52011,21.6003,20.4047,19.6153,21.0069,21.5161,21.255,21.3245,21.055
P52011,25.0738,24.8448,24.5923,24.4001,26.1095,24.786,24.7463,24.845
P52011,21.7712,20.7455,20.8805,20.7875,21.439,21.1126,21.1215,20.1834
P52015,21.9196,21.339,19.9296,21.2134,20.7365,21.2074,21.0923,20.5476
P52015,22.6381,23.3172,23.2144,23.3037,26.5647,24.2224,24.2113,24.057
P52015,21.5891,21.3501,21.2254,21.6094,28.0159,26.7754,27.1147,26.7484
P52015,20.7266,20.3929,19.9977,21.7898,21.9602,21.052,21.1321,21.0062
P52017,23.6207,23.5407,23.1611,23.6161,22.415,21.5199,24.0203,21.725
P52018,20.9773,21.123,19.7709,21.6245,21.6585,19.9457,19.2761,20.3565
P52275,20.8657,20.9275,21.3293,20.3239,21.739,20.1993,21.0005,20.5354
P52275,21.3198,21.0763,21.3491,20.7537,21.4156,20.7833,21.3341,21.1428
P52478,21.5481,21.5715,21.1249,21.6555,20.9196,20.9623,20.9359,20.9486
P52554,21.0463,21.2569,20.8462,20.0117,21.5585,20.2252,21.388,20.3488
P52554,21.3661,18.7155,20.3502,20.9209,21.3297,20.6917,21.3429,20.4814
P52652,20.8479,21.0524,21.4867,21.4937,22.3088,23.4439,24.0061,22.5048
Q86D21,21.8262,22.8426,22.3742,22.1211,24.1679,23.2325,21.024,24.0842
Q86D21,28.8428,29.0821,29.1943,29.6122,29.8043,30.0202,20.6434,30.1378
P52717,21.6541,20.7801,20.4373,21.4092,20.7296,21.0152,20.365,20.7377
P52819,25.4726,24.6594,24.802,24.0466,25.7637,25.1045,21.8143,24.5821
P52819,25.1311,23.0341,24.3049,24.518,24.2835,24.1408,26.9791,25.5709
P52819,22.3212,23.2532,22.5322,22.8583,23.9118,22.2104,24.4706,22.9031
P52819,25.7319,25.163,24.1813,25.3551,24.9677,23.7065,24.314,23.9699
P52819,24.1065,24.5366,21.8215,23.3204,23.2804,21.3913,22.4285,20.9588
P52819,23.8022,23.2971,23.1476,25.1375,24.8356,22.8867,23.5891,23.2008
P52819,26.8337,25.0581,25.1294,26.4496,28.0144,25.4131,24.0881,26.0731
P52819,20.3665,21.3534,21.2701,21.8749,21.8316,19.15,20.8976,19.7145
P52821,25.2925,25.0659,24.8893,25.984,27.8431,27.2866,28.112,27.6805
P52872,25.4419,24.7084,24.795,25.1126,25.0272,21.7493,23.8179,22.3127
P52879,23.7589,23.6029,23.2285,23.7802,24.8284,22.576,24.2635,25.3935
P53013,26.1566,26.5719,25.2069,26.3218,25.4432,25.4216,24.3658,24.5547
P53013,21.5667,20.7839,21.0886,21.7529,24.4126,24.2781,25.024,24.5461
P53013,24.6774,24.5328,24.7536,25.0747,28.1732,25.141,25.2435,25.465
P53013,23.5357,23.0362,24.4286,23.9826,22.5918,21.8044,22.2821,22.3028
P53013,23.71,23.963,24.5203,23.9792,24.9564,26.3079,26.1907,24.839
P53013,25.8551,25.4388,25.5861,25.7305,27.657,24.5963,24.6534,25.6627
P53013,26.8705,27.2759,26.7272,27.6304,24.947,25.8366,24.1833,25.5482
P53013,23.755,23.4959,23.2386,23.6046,22.8003,24.013,24.3301,23.9629
P53014,19.9392,20.1615,20.2021,21.6841,23.2087,22.2618,21.0162,22.0012
P53014,21.9292,21.3401,21.1475,21.0933,24.9708,24.3606,23.0473,23.226
P53014,21.8984,21.5565,20.6171,20.2677,21.401,21.659,19.9381,20.722
P53014,20.4813,21.5912,21.2718,21.2612,21.5135,25.2465,24.1284,24.7651
P53014,24.2197,21.994,22.0001,24.1022,24.1937,25.7423,24.9027,24.621
P53585,23.7504,24.1556,23.6532,24.1332,21.2334,20.783,20.767,20.7974
P53588,21.4214,20.0604,21.2519,21.7484,23.2838,24.9729,24.159,23.5816
P53795,24.7904,25.8863,24.982,25.1103,24.2602,23.0299,22.5124,23.186
P53795,24.993,24.3265,22.7237,24.0544,21.3974,20.9631,21.3789,21.3307
P54073,21.8978,20.301,20.5954,19.9815,23.3713,23.2925,24.1079,23.395
P54216,21.5619,20.687,20.7085,21.3858,23.159,22.547,23.1026,21.6794
P54216,20.7852,21.4634,20.1267,21.3009,21.5928,20.8768,20.6657,21.3399
P54216,21.9169,21.7895,19.7134,21.8268,24.6665,23.3276,22.9422,22.8768
P54216,21.3041,21.2789,20.4755,21.7711,21.1147,21.0325,21.2992,20.5307
P54811,23.0723,21.1608,23.0179,23.7991,23.2931,22.4032,24.3083,24.3286
P54811,24.8997,25.0999,24.5413,24.9578,26.1534,21.6673,23.4326,23.3853
P54811,21.2855,20.5923,21.3436,21.1959,24.1132,24.0468,22.8924,24.5938
P54811,21.2188,21.7741,21.5201,21.739,25.6028,22.9977,25.2127,24.6128
P54811,20.9043,21.6204,21.3704,21.8626,20.6905,20.6133,19.1483,21.2581
P54811,21.2291,19.4296,20.8707,21.3556,26.0951,24.7214,22.3746,24.7148
P54811,21.9538,21.3943,20.0019,20.9756,21.6325,19.1207,21.2653,20.6157
P54811,21.636,21.0412,20.7956,20.1414,22.9478,21.8166,22.4273,22.2379
P55155,21.2983,21.64,20.9132,20.7743,24.8443,23.6959,23.4401,22.0803
P55216,25.2376,25.1465,24.4994,24.6788,28.4464,27.0942,27.0963,27.6647
P55216,23.2841,23.9723,23.7871,24.5482,24.331,24.0721,24.47,22.4352
P55216,20.0992,20.7896,21.2573,21.8097,23.5594,23.901,22.5924,21.1126
P55216,26.1866,23.483,23.3692,25.0536,26.3095,26.6624,25.054,27.2942
P55216,24.5528,25.6345,23.878,24.4082,28.097,25.294,25.3197,25.516
P55216,19.5689,21.5618,21.4905,20.965,19.763,21.0299,20.2664,20.4819
P55326,27.4372,27.263,26.8282,27.5787,26.7914,25.2052,25.0651,25.4618
P55326,21.7428,21.4076,20.1272,21.1217,21.8445,22.4032,22.4199,22.7507
P55326,25.202,26.9437,28.0269,21.3866,27.1361,24.0072,24.7799,24.6009
P55326,21.1265,20.4326,21.206,21.9037,21.8835,20.9898,21.1768,20.9445
P55326,19.7016,21.3977,20.8762,20.056,21.8791,21.1881,20.6586,21.3701
P55326,23.9782,23.4889,23.5969,24.0261,24.153,22.5971,22.2775,21.1331
P55326,25.7776,24.5547,22.4268,24.6537,24.7579,23.822,25.0922,22.245
P55326,25.792,26.0866,24.3818,24.3082,25.0958,23.1858,22.3477,23.2413
P55326,30.3568,30.2463,29.9929,29.826,30.4078,25.4606,26.5643,27.6417
P55326,24.6901,24.6116,23.9817,24.9816,24.2256,21.8179,21.909,20.599
P55853,22.2767,22.8226,23.3618,23.2879,23.3968,22.0904,21.3276,21.1682
P55853,22.3951,21.7266,21.7559,21.7579,22.9111,21.1615,22.2837,21.2698
P55853,23.5189,24.8742,23.07,25.5315,23.4121,22.7669,22.2828,20.8467
P61866,21.8211,21.1045,21.2814,20.4463,23.711,25.4915,25.2537,24.4425
P61866,21.9197,21.7254,20.3956,21.9172,20.471,20.7483,20.4662,19.9756
P61866,22.7136,21.6528,21.4992,21.8026,22.418,20.9374,20.4023,21.3178
P61866,22.9082,22.0998,22.1445,21.8243,22.3976,21.5512,23.4415,23.3734
P62784,26.045,25.3094,25.3493,25.2804,25.6684,25.7051,25.3213,25.9977
P62784,22.6374,20.8826,21.1596,22.8436,21.0391,20.3031,21.3454,21.2743
P90731,23.1711,22.2533,22.1144,24.5444,22.7069,23.478,20.8393,23.0145
P90735,21.8335,20.8538,20.2855,21.8416,25.0333,25.4318,26.6582,25.0044
P90735,21.0538,20.8375,21.4171,21.1182,21.5713,20.6658,20.8957,20.3578
P90746,22.3795,22.2406,22.7658,22.9387,23.2833,25.3281,23.2802,22.7364
P90862,23.0672,22.3742,23.1836,22.3697,22.92,24.4651,25.2444,26.1644
P90868,21.9095,21.0534,20.4229,21.2034,24.4632,21.0006,21.1247,22.3309
P90879,24.0907,23.5981,22.3457,23.9637,22.9846,23.7552,24.7796,23.2532
P90900,21.3392,21.5654,20.1836,20.7312,24.8257,22.6562,23.4808,23.8854
P90900,22.8976,22.7641,22.7556,22.6577,24.3171,21.2156,23.9911,21.9181
P90900,24.2532,25.2146,24.6906,25.0614,25.7315,24.6877,23.8358,23.4595
P90900,21.5483,21.5258,20.2135,21.3962,23.5596,24.9569,24.6836,25.102
P90961,21.1186,21.541,20.4404,20.9754,21.6638,20.2457,21.0064,19.7631
P90961,23.1704,23.6976,24.7837,24.7481,22.2987,25.1497,23.2761,25.1621
P90961,20.8871,21.1959,20.6192,21.4298,21.4053,20.2985,20.3935,19.8464
P90961,21.1844,21.1723,21.082,21.372,20.209,19.9329,21.1887,20.7799
P90961,20.5758,20.521,20.4628,21.7768,21.8477,20.8537,20.7091,20.9525
P90961,21.1505,21.5779,20.0853,21.7818,20.13,20.1338,19.867,20.6909
P90961,20.613,20.2074,20.2514,21.2359,21.1673,19.727,21.2584,19.2317
P91001,24.0746,24.5795,24.1737,25.3468,24.896,25.7166,23.1935,24.1908
P91020,23.9975,23.1211,23.7558,23.6206,23.0959,24.0379,22.652,24.1535
P91027,20.4167,19.3123,20.9186,20.9339,21.611,21.1567,19.9356,21.3568
P91027,21.2785,20.4667,21.1024,21.5211,21.5876,21.2566,20.9273,21.1814
P91027,22.1225,23.1375,22.8817,23.896,22.9694,23.1021,24.0135,21.2604
P91027,21.51,20.7756,21.541,20.6813,22.7037,23.8754,24.2804,22.8298
P91027,20.6062,21.021,21.3826,21.661,20.959,20.6031,20.2682,20.7678
P91027,21.2439,20.0039,20.3055,21.4557,21.4496,21.0314,20.8939,20.308
P91027,26.5354,27.3868,25.4975,26.7392,25.4297,25.5063,25.4115,23.1457
P91027,20.0255,20.4817,20.1969,21.7506,21.5871,20.4174,21.1176,20.585
P91027,21.352,20.2448,20.7175,21.7428,21.0775,20.025,19.5331,20.377
P91027,26.0849,26.8284,27.6992,26.7214,21.0867,20.9364,21.2932,21.4142
P91055,20.6058,20.5883,21.3594,20.9535,23.8115,24.0279,25.1869,24.7551
P91116,21.0258,21.178,20.9004,21.8218,25.2646,25.2893,25.8905,25.3545
P91128,23.4997,22.9023,23.2133,22.9619,26.4814,25.7931,23.7644,25.8634
P91128,21.8193,20.8933,20.031,20.2538,20.9848,20.8394,20.9411,21.0192
P91128,21.8761,21.3285,20.5294,21.6099,21.2894,20.6911,20.7743,21.1139
P91128,21.4085,19.8878,21.0232,20.1786,25.6122,26.2705,24.4174,24.4905
P91128,21.7076,20.6891,20.8837,21.7311,20.9508,21.2298,21.2463,20.8953
P91128,26.9859,27.811,25.6132,28.124,25.4207,25.7887,24.5425,28.0388
P91129,21.3384,20.4209,20.9515,20.2578,21.1988,20.7464,20.3053,20.411
P91249,28.4126,27.0487,23.3852,26.1941,30.7024,29.5002,29.9921,28.5657
P91249,23.263,24.4096,22.2524,24.9495,25.863,22.4117,23.1074,25.4527
P91269,24.743,26.124,24.1098,22.0851,27.2628,26.3665,24.9881,25.6599
P91277,21.2152,21.6293,21.0109,21.6236,24.7882,25.1004,25.1607,23.7393
P91280,24.9794,24.4218,22.1484,25.0302,25.3994,21.4437,22.3999,21.9803
P91297,21.3801,21.7035,21.0857,21.9025,20.8195,20.5699,21.1246,20.0576
P91303,22.8811,23.1806,22.6875,23.4204,21.9525,20.981,20.3539,21.291
P91303,24.4521,24.3761,23.5533,24.045,25.0136,24.655,24.3149,24.971
P91303,21.57,21.6187,20.6461,21.415,21.4648,20.2382,20.5623,20.9982
P91303,23.143,22.5118,21.6983,23.8241,23.2589,22.0105,23.6897,22.5009
P91303,24.921,23.8814,24.7916,24.1301,25.3001,23.773,25.1528,23.2437
P91306,21.031,20.7636,20.9863,19.757,25.5842,24.4297,25.0789,25.7461
P91306,23.8161,23.1437,22.5224,23.4546,23.9897,22.5637,22.104,23.8094
P91306,21.5787,20.6685,21.1907,21.3361,21.889,20.1237,20.4133,21.2634
P91354,21.9659,21.0164,20.9727,21.7687,21.785,20.5412,21.3174,21.2861
P91359,20.6053,20.5262,20.8391,21.4019,21.8983,20.8514,20.0029,20.8846
P91374,25.1812,24.088,23.9291,24.9272,26.6914,23.7713,25.135,24.3298
P91374,25.0283,24.6815,24.0039,24.6428,23.9508,22.8152,23.0284,22.9221
P91374,23.13,22.0556,21.9319,23.0642,21.3933,20.75,20.9025,21.0803
P91374,25.119,23.5071,24.5674,22.6686,25.1956,23.4963,22.9865,24.4544
P91374,26.9919,26.1138,26.1643,26.0622,28.3319,27.2349,27.364,28.0464
P91374,26.4752,25.6975,25.0542,26.9362,27.8393,25.8857,25.9763,25.3124
P91374,22.9514,22.1904,23.9804,23.8077,23.0349,21.5766,24.4663,22.3429
P91374,21.7229,21.2765,19.926,20.8875,23.2054,20.8054,23.6109,22.097
P91398,21.6855,20.4159,20.985,21.6134,25.8996,23.0357,25.82,25.3097
P91423,19.7245,20.8034,20.4248,20.7208,21.517,21.264,20.9455,20.9955
P91482,22.9438,23.3247,22.73,23.0275,22.3332,23.5259,24.7684,24.1537
P91482,20.2572,21.062,21.011,21.6469,22.6213,23.7247,21.8957,23.0513
P91491,30.765,31.2988,29.9207,30.944,30.1574,27.7651,27.4164,27.9297
P91502,20.1767,21.316,21.0927,21.7283,21.6491,19.6356,21.3725,21.2459
P91502,28.5341,27.8245,27.9966,28.4139,28.7738,26.4682,25.499,25.1319
P91502,24.0706,25.1163,24.3354,24.1903,25.2157,25.1848,23.6312,23.9744
P91502,21.6817,20.2234,21.3751,21.8866,21.673,19.9353,21.1537,21.1252
P91502,21.0006,21.4479,20.4625,21.6022,23.2926,23.1207,21.7655,21.311
P91502,24.2888,24.058,22.5974,23.1968,25.2426,27.1306,23.9494,26.0245
P91502,20.7789,21.1682,21.2448,21.5058,21.9374,21.2363,20.6704,20.897
P91502,24.4747,24.3643,23.4713,23.8824,24.8773,22.9895,25.4873,23.9997
P91502,21.4649,21.4812,20.3678,21.3534,21.8147,20.9236,21.0228,20.988
P91821,21.517,21.6682,20.5107,21.2709,21.5167,20.5606,20.4518,21.3944
P91856,23.8405,23.7944,25.8485,24.7032,21.4942,21.2097,21.3089,20.7795
P91857,20.6255,20.1508,21.0018,21.4867,23.265,22.5785,22.1847,22.7001
P91913,19.6202,21.0997,21.2804,21.8599,21.8462,20.2738,20.7846,19.9764
P91913,20.9309,21.1432,19.6437,21.4806,21.6155,20.5294,20.7192,21.2538
P91913,26.3572,25.671,25.2295,26.7974,21.8494,20.5528,20.9402,20.0697
P91913,26.3572,25.671,25.2295,26.7974,21.7698,20.9146,20.9159,21.2251
P91914,24.5224,21.6089,21.9659,22.1456,21.5391,20.2047,20.7664,21.1741
P91914,21.9065,20.9108,20.3411,21.6133,23.5707,22.0012,23.4248,22.7959
P91914,23.4677,22.8879,22.2994,22.8554,24.218,28.0843,26.8989,26.4979
P91917,21.7169,21.73,20.2281,20.9196,21.4567,20.1323,21.1922,20.8148
P91918,24.2713,25.2527,22.9431,23.6489,24.7366,23.5979,24.3526,24.7527
P91918,23.5634,24.0692,22.772,23.9172,23.6137,24.183,22.9953,26.3087
Q02335,20.4603,19.0122,21.1699,21.4531,21.4502,19.2257,21.3567,20.9839
Q02335,24.625,23.9152,23.3529,24.6223,24.5379,23.1298,23.867,24.7448
Q03206,21.6147,21.5621,20.4981,21.0881,21.9637,20.8951,20.1333,20.1775
Q03562,21.6235,21.1243,21.4531,21.1534,21.2317,20.7158,20.1504,21.02
Q03564,20.6341,20.8834,20.8865,19.7532,21.8648,20.5821,21.2409,20.6575
Q03567,20.5668,21.6133,21.0254,21.5694,21.1465,21.0405,20.3297,21.1115
Q03567,26.8958,26.3438,25.9812,27.4918,27.1943,25.5514,24.498,26.5363
Q03601,21.7609,21.057,20.5402,20.2329,23.5761,24.1623,25.0362,23.5319
Q04833,21.8768,21.1432,21.1596,21.4247,23.7065,23.2247,22.3736,22.4862
Q05036,21.219,20.215,20.9791,21.4629,22.8825,23.1512,22.8564,21.3217
Q05036,21.7127,20.484,20.9492,21.4838,24.1717,22.6449,21.2559,21.8615
Q05062,23.4053,26.762,25.7891,25.8203,24.1441,24.5907,27.3143,24.7248
Q05062,21.0937,20.9081,19.6078,20.5181,22.6185,22.7715,23.8502,22.049
Q05062,20.7181,21.7721,20.8766,21.6212,21.8965,19.9396,20.9075,20.9753
Q05062,20.6151,19.0118,19.9756,21.0055,21.7039,21.1943,21.3081,20.7338
Q067X2,21.0679,21.6262,19.8885,20.5914,25.4006,23.2181,23.4322,22.4652
Q07750,21.9171,21.0024,20.9463,19.3991,21.1745,20.7744,21.0914,21.097
Q07750,23.8364,25.1532,23.319,22.8261,23.5686,21.0938,22.4124,21.758
Q09217,21.2377,21.2195,20.9475,21.1903,21.3083,20.6497,21.1991,20.4889
Q09236,21.4927,20.1232,21.0048,21.5717,21.0572,20.9573,20.0542,20.4983
Q09236,21.7655,20.4269,21.4393,20.5944,21.4082,20.4659,20.9685,20.2601
Q09236,21.3603,20.5569,20.5221,21.5378,20.7227,21.1478,20.9615,20.3276
Q09237,21.8171,20.7312,20.7334,21.3989,21.5997,21.0939,21.206,20.8658
Q09237,21.7873,20.1829,20.7815,21.4715,21.5805,20.8707,21.1243,21.3659
Q09248,20.7881,21.4053,20.8519,21.8162,21.7075,20.4446,19.6889,21.2133
Q09250,19.4022,20.8983,20.8429,21.68,21.7205,20.5225,20.4686,20.8785
Q09269,23.9435,23.0606,24.6165,24.1853,23.6864,21.7762,22.6682,22.2965
Q09289,27.3436,26.5215,26.6384,28.0036,26.2646,24.8,24.7392,23.7369
Q09289,25.8201,26.366,25.4153,25.4902,24.651,24.3363,22.2878,24.6745
Q09289,27.2236,27.0334,26.4603,27.3577,25.4483,23.069,25.2369,24.4829
Q09289,21.8253,19.9633,21.4144,21.6235,21.4516,20.7007,21.3692,21.2323
Q09289,25.0947,26.2323,25.1486,25.9832,22.9073,23.5665,24.0676,23.6632
Q09289,25.1915,24.0685,25.0744,26.1693,24.1315,20.7301,21.1025,24.3751
Q09289,24.4698,24.5817,23.7429,24.5389,25.2535,23.6595,24.0248,24.0182
Q09289,19.7063,21.1614,20.9809,21.6906,20.7277,20.9463,20.9371,21.3307
Q09350,21.79,21.7042,20.2374,21.6356,21.0308,20.0312,20.4782,21.1257
Q09407,22.8648,21.7319,23.4378,22.3061,24.512,20.5385,20.9274,20.4961
Q09422,23.2289,23.8667,24.2731,24.6017,23.3762,23.2401,24.1974,22.0695
Q09422,22.6661,23.3512,23.5767,23.32,25.102,22.3433,24.113,23.8372
Q09422,24.9441,25.053,24.3512,23.43,21.6093,19.3828,21.2232,21.4038
Q09436,21.5966,22.062,22.4209,21.7027,22.5424,22.4017,21.4879,22.6085
Q09444,21.7808,21.2577,20.8945,21.4368,20.7582,20.7609,20.0678,20.1739
Q09444,26.5123,26.2729,25.8947,25.4987,26.6007,27.3781,24.6505,27.5832
Q09444,20.422,20.5756,20.5462,20.526,25.8324,25.0599,23.0177,25.5969
Q09444,24.5587,26.2242,24.8071,25.4893,23.9468,23.5599,24.1922,25.3641
Q09489,21.8486,21.396,20.9305,21.2583,20.417,21.0494,21.2091,19.741
Q09489,20.2207,21.4093,21.3975,21.155,27.3108,22.2334,23.9462,21.786
Q09490,21.778,20.9631,20.2899,21.3661,24.1488,23.7812,23.684,24.0104
Q09490,23.8512,24.5921,23.8083,23.2528,25.3949,25.5426,24.3808,23.0514
Q09533,21.0084,22.2594,23.0647,22.7569,22.5697,24.2385,23.0738,23.445
Q09533,21.8724,22.3936,21.2062,22.8632,24.564,23.6382,20.4333,23.4747
Q09533,21.4504,21.7381,20.5311,21.3715,20.9469,21.1273,20.6588,20.1526
Q09533,24.4709,24.7254,23.6096,23.0352,25.0459,23.8839,24.1816,23.834
Q09560,21.6781,21.7403,20.6152,21.3579,21.6341,20.7794,20.4328,20.5805
Q09568,25.0025,24.7122,25.4282,25.5567,19.2468,22.9715,20.8018,20.8674
Q09581,21.8224,21.1346,20.6016,21.7169,25.1859,24.0435,21.4341,23.1423
Q09581,20.8066,19.841,20.3305,19.0786,26.57,23.4126,22.5922,23.7409
Q09581,19.9673,20.5383,21.2747,21.1439,24.6027,24.4919,24.2513,25.4822
Q09581,24.1867,23.6514,23.5594,23.4557,27.4836,25.8391,23.8152,25.7289
Q09581,20.8858,19.9747,21.4961,21.1585,25.4812,21.9659,24.1612,23.9915
Q09614,26.1895,25.6678,25.2964,25.804,27.7261,23.9747,23.83,23.2096
Q09665,21.246,21.7005,19.8638,21.6449,21.7746,21.0042,20.892,21.1147
Q09934,21.9493,20.3438,21.1078,21.1829,21.9311,20.9901,20.8553,21.3808
Q09934,23.9143,24.0775,24.5608,24.3775,26.6142,24.4622,23.7807,25.0644
Q09934,21.2838,22.2187,22.6419,22.3959,21.6874,21.0482,20.2449,21.1963
Q09936,20.6213,21.1532,19.6193,21.288,21.9493,21.171,20.3008,20.4199
Q09936,21.813,21.5677,20.7655,21.6036,21.919,21.0942,20.1581,20.6618
Q09936,20.2802,21.2439,20.1239,21.1562,20.9764,20.2446,21.29,21.2483
Q09936,24.1134,23.3346,24.8635,24.6527,25.134,24.433,24.49,23.1321
Q09936,20.3589,20.1163,20.4932,21.2999,20.995,19.5567,21.1805,19.8735
Q09967,24.3759,24.7269,26.4459,26.0786,25.2544,19.6185,24.085,21.4416
Q09967,30.1119,29.4823,28.6608,30.3245,29.1597,27.5802,26.9283,27.5818
Q09EE6,26.2678,27.0152,27.1577,26.7887,27.3521,23.7584,26.753,25.1764
Q09EE6,21.7718,21.2255,20.6632,21.4538,21.9728,21.0592,20.7497,20.378
Q09EE6,23.9147,24.0271,23.3001,24.9486,23.0426,23.6511,24.0411,22.5432
Q0G831,20.9708,21.4652,19.4843,20.9462,20.5117,21.0833,21.1741,20.8535
Q0KHC0,23.2383,23.0789,23.0709,23.2482,21.5333,20.7788,20.8551,20.396
Q10010,23.4753,22.834,22.7098,23.2051,21.887,22.7174,23.8121,22.5258
Q10020,20.8862,21.7265,20.6054,21.7422,22.357,22.5429,24.285,22.3965
Q10020,22.4183,23.5562,22.4471,23.5808,23.1888,23.3887,23.0225,23.6675
Q10020,24.153,24.5647,22.7561,24.128,23.877,21.21,20.2881,22.972
Q10020,24.153,22.743,22.7561,24.128,23.877,24.014,24.6509,22.2831
Q10033,21.1915,21.4483,21.3528,21.2486,20.6334,21.1567,21.147,20.7986
Q10043,23.6207,25.1612,23.0959,22.7965,23.6001,23.6219,21.9376,23.2882
Q10046,25.1906,23.6034,24.7227,23.1672,20.8039,21.0925,21.2373,20.8213
Q10121,20.11,21.6499,20.7937,20.4679,21.3971,20.8389,21.1042,20.2955
Q10121,21.7385,21.5572,21.4254,21.8852,21.8446,21.2709,20.33,21.0325
Q10121,24.6447,23.6836,25.0163,24.7012,25.3064,23.9894,25.913,24.5866
Q10121,21.0974,19.7266,21.3048,21.3687,20.5506,21.1361,20.7751,20.5213
Q10130,21.6778,21.1002,19.5098,21.408,21.4815,20.9604,20.9989,20.6024
Q10130,21.0214,20.6112,20.0386,21.5781,21.9478,21.1547,21.2792,20.7494
Q10454,20.4679,21.177,21.3491,21.6962,21.7233,19.7491,21.1373,20.4329
Q10454,21.6744,21.0516,21.5141,20.8159,21.6247,20.4108,20.8597,21.0792
Q10454,21.6739,20.7674,21.4731,20.9648,22.3452,22.0056,22.1263,20.5063
Q10454,28.0005,27.7453,26.3237,27.3986,27.918,26.5284,24.9916,26.9786
Q10454,21.8356,21.7717,21.3876,20.5017,21.6101,19.6388,21.3419,20.7477
Q10454,19.4114,20.8034,20.6746,21.9228,26.1085,25.8902,22.9565,25.8331
Q10454,21.347,21.2135,21.2534,21.2138,22.73,22.3024,22.916,22.4061
Q10454,20.8696,21.1825,19.5977,21.2217,24.6141,23.1939,25.7196,23.3712
Q10454,21.972,21.6945,20.1362,21.1147,24.1264,24.6757,23.32,24.0566
Q10457,21.7333,20.5132,21.2536,21.144,21.4985,21.185,20.9219,21.3234
Q10578,23.5489,23.447,22.895,23.3589,21.5018,20.2555,20.9095,20.7864
Q10578,23.7059,23.7554,23.4672,23.7841,21.6439,20.6003,20.7027,20.6937
Q10578,24.7521,23.9724,22.7459,24.7656,21.2741,21.2104,20.8054,21.3774
Q10578,22.2376,21.1138,23.2306,22.8671,23.374,22.0937,21.5551,20.6621
Q10651,24.7173,23.6121,23.415,24.9424,25.3554,22.2051,25.2836,22.4352
Q10655,20.8113,24.2367,23.101,24.6403,21.6878,20.8685,20.5714,19.9255
Q10657,28.2037,29.1149,28.1895,28.7289,23.6532,24.2493,22.6706,22.6174
Q10901,25.2441,25.9425,26.4599,25.4915,25.8126,23.9886,25.8386,26.4888
Q10943,21.1179,21.5503,20.8131,21.6659,21.3521,21.0851,21.2668,20.034
Q11080,24.9951,24.0019,23.707,25.3859,23.9463,23.403,23.3433,23.0891
Q11101,20.4168,20.7658,21.056,20.5961,21.0817,20.7676,21.2966,21.3752
Q11176,25.6274,25.2491,24.2297,25.4774,21.8146,21.254,20.8178,21.3411
Q17334,21.8372,21.5182,21.0002,21.7502,21.6548,20.7333,20.5233,21.1703
Q17334,21.7867,23.3336,22.6346,23.8513,27.7585,25.3423,25.4029,25.8916
Q17334,26.0621,26.3011,25.8968,27.1858,26.6781,25.3443,25.3873,24.1927
Q17339,23.2915,22.2697,22.2302,21.8081,21.5818,20.3422,21.27,20.8894
Q17348,21.8417,21.1592,21.1605,20.3946,21.457,18.6791,20.4902,20.0041
Q17361,24.9383,23.5564,23.5212,24.9778,25.5525,24.4405,24.1667,26.3886
Q17361,24.2654,25.129,21.4495,22.5637,21.3828,20.6655,21.3649,20.4545
Q17361,21.6676,20.842,19.9554,20.1156,21.8515,21.2018,20.878,20.9355
Q17361,21.1163,20.2731,21.5264,21.5603,20.9579,20.8564,20.9257,19.9597
Q17389,20.8058,20.3683,19.8033,21.5544,22.9601,21.7717,24.0648,21.1704
Q17405,25.2854,24.9788,25.2658,25.2097,28.1577,24.9963,22.9485,25.477
Q17405,22.7273,22.4475,22.1667,23.5729,23.7828,21.2874,22.002,22.0406
Q17405,22.1225,22.7822,23.0369,22.5569,21.9001,20.5931,21.0469,21.0239
Q17405,25.1365,24.1352,24.539,24.4658,26.1305,25.1403,24.9825,25.4328
Q17405,26.6302,25.3348,25.7952,25.8672,29.3988,27.8014,26.5461,27.0751
Q17410,20.3035,20.3853,20.9565,22.747,21.6845,19.8018,20.8694,20.6521
Q17413,21.653,21.6273,21.2192,20.6702,23.6955,21.7774,22.4564,22.2823
Q17430,19.8627,20.7325,19.9033,21.908,21.7824,21.8914,22.769,23.2975
Q17435,21.4222,20.7672,21.444,21.1234,22.476,23.5138,24.0379,23.6197
Q17446,24.0026,24.8155,24.5174,24.5366,21.8192,20.343,21.2975,20.6235
Q17455,24.9232,23.5283,22.4477,23.4507,24.3845,24.232,23.8634,23.957
Q17489,20.8512,21.7666,21.1808,21.3537,22.6939,20.5442,21.3272,21.2163
Q17542,28.6262,26.4375,27.5962,27.9533,28.6502,27.8187,27.2309,27.7039
Q17543,24.1193,25.9248,24.6379,24.879,20.6928,20.5448,21.279,20.996
Q17561,21.0102,21.4859,21.2528,21.3691,21.1783,20.6932,20.4785,19.6703
Q17569,24.7796,24.7158,24.0277,24.7002,24.3497,23.7866,23.8204,24.412
Q17569,24.841,23.8033,23.6755,24.2301,21.7169,21.1492,21.195,20.7634
Q17569,26.5295,26.7531,24.7141,26.2802,26.8909,23.701,24.0806,23.1428
Q17569,24.0948,23.0404,23.7011,24.9816,23.8497,22.9027,22.3707,21.6975
Q17569,25.4365,26.3677,25.0759,26.1862,25.133,24.7589,24.2869,25.1486
Q17571,25.3165,25.0885,26.7052,26.3769,24.578,25.8998,25.3769,25.1804
Q17571,21.4096,21.2616,21.0545,21.0742,21.2103,20.2028,21.2016,21.1133
Q17606,21.8354,21.0757,21.19,20.6229,20.7312,19.8166,21.0524,21.0905
Q17624,26.3975,25.8383,26.815,24.8267,28.7183,26.8979,27.2493,27.1654
Q17624,27.4086,26.0895,25.8001,24.9617,26.2672,24.4585,25.9761,25.6683
Q17624,21.0173,21.5645,21.3069,21.0377,25.4903,23.2528,24.3341,22.06
Q17624,21.5169,20.2896,21.4739,21.7112,24.7739,24.2817,25.4853,24.0814
Q17624,21.4849,21.7484,21.3865,21.7413,21.7402,19.6506,21.0946,21.2
Q17624,21.7897,20.8552,21.4305,20.2185,21.6395,20.9303,20.5165,20.0453
Q17624,21.9078,21.3863,21.0527,19.7627,21.5931,21.2329,21.2681,19.7703
Q17644,24.7218,24.8361,24.2347,24.3893,24.346,23.3509,22.7539,23.4963
Q17649,20.5672,21.4799,20.5198,21.6896,24.7149,24.8932,25.2503,25.4563
Q17649,23.3292,23.976,23.8416,24.0884,26.0891,23.1577,25.014,24.1247
Q17649,20.8084,20.8386,20.5752,21.8637,21.7243,20.9923,21.2057,21.289
Q17663,21.4706,20.9539,20.1771,20.2015,21.7186,19.8741,21.2521,19.1815
Q17663,20.8353,19.7321,21.2232,19.5389,25.6203,22.7818,23.4325,24.3115
Q17693,20.5131,20.8863,20.9645,21.1939,23.1561,24.242,23.5087,24.9373
Q17698,26.5275,26.9999,26.3402,26.861,25.5653,26.2059,26.1802,25.167
Q17698,26.5765,26.6157,25.8323,27.1276,26.575,25.3731,24.12,25.0976
Q17698,21.3252,20.7575,20.1872,20.8073,20.7092,20.6718,21.1544,20.9019
Q17698,21.6465,20.406,21.1837,20.6347,23.8591,22.2249,22.3372,22.7181
Q17698,21.6775,21.6197,21.0708,21.6663,21.7605,20.9324,20.2827,20.796
Q17698,21.7622,21.336,21.1838,21.1751,25.2256,22.9082,23.0626,24.8084
Q17698,21.5315,20.4684,20.6106,21.803,21.941,21.2346,21.3415,21.3062
Q17740,22.819,21.7557,21.4776,22.5084,21.4795,20.5642,21.1431,19.6737
Q17763,21.9508,20.8767,20.9619,21.6488,20.6095,20.9184,21.1915,20.1114
Q17770,20.8471,20.6691,21.5061,20.5806,21.0417,21.1119,20.7651,21.2586
Q17770,25.9532,24.3774,24.0211,24.3742,21.6123,20.9036,21.2307,20.3092
Q17796,25.5909,25.5003,25.6421,26.0847,25.506,22.661,22.4059,23.6697
Q17796,26.3865,26.494,26.868,26.87,26.2823,24.4497,26.1834,24.3857
Q17796,25.9717,26.1714,25.5531,25.8428,24.6716,26.1461,25.2928,25.8544
Q17796,26.8826,26.4288,27.2152,26.3716,27,25.1546,25.5025,25.1174
Q17827,21.9519,21.5698,21.1516,21.1801,22.5613,22.141,22.8004,21.1966
Q17827,21.5529,20.9127,19.803,21.6809,21.3687,20.8108,21.3049,19.6008
Q17832,22.4399,21.4648,23.1911,22.5568,22.766,21.3968,21.397,22.1658
Q17832,20.9371,21.0724,20.9683,20.1854,22.0864,22.0252,22.115,23.7359
Q17832,20.465,20.8453,21.286,20.8164,21.0585,19.7095,20.575,21.1195
Q86GU1,27.6594,28.1105,25.6261,27.4661,26.3904,25.4566,26.0746,24.3933
Q86GU1,25.5546,25.1737,25.316,25.6756,24.8114,22.643,22.8519,24.2827
Q86GU1,27.6157,27.331,26.436,27.9946,26.1767,24.3344,24.226,23.924
Q86GU1,20.9056,21.5705,20.7219,21.1434,25.0681,26.1745,27.1774,26.5579
Q86GU1,26.4961,27.5453,25.5187,25.2223,23.8757,24.1824,24.1054,22.9068
Q17868,21.3061,20.5605,21.526,20.8438,21.1158,21.176,21.1955,20.6806
Q17941,21.9041,21.6989,19.6952,20.576,22.4408,22.3549,24.7406,23.2529
Q17963,21.6985,21.6021,21.0165,21.6195,20.7261,20.9461,20.9253,21.1914
Q17967,26.8358,27.9267,26.8404,27.6687,21.1772,20.6375,20.8257,20.3262
Q18012,22.864,22.5852,21.8622,23.4958,23.528,22.3805,22.1295,24.1254
Q18026,20.6365,21.538,21.1264,21.4213,21.5346,20.8259,20.8744,20.2526
Q18034,21.9083,23.1052,22.5156,22.6383,21.8303,21.2539,20.9319,21.3234
Q18034,24.2682,24.2239,24.8206,24.3872,25.4153,25.0253,26.5991,26.483
Q18066,21.5001,20.2612,19.6368,21.7326,23.1918,22.0982,22.0717,23.1923
Q18066,21.0811,20.6679,20.7362,20.0263,24.0721,22.5842,21.9976,22.9639
Q18068,21.8324,21.407,19.5729,20.014,23.6879,22.9044,24.4289,22.1351
Q18070,21.9369,19.9023,20.9321,21.8846,21.9205,20.8602,20.9601,21.0029
Q18091,25.3116,25.7633,25.1998,24.9053,21.4109,20.555,20.9809,20.9876
Q18099,26.1008,25.4094,25.5116,26.7005,27.4664,27.0878,25.4818,26.0631
Q18099,27.0991,28.6891,26.3915,28.0798,26.4584,24.1489,25.0211,24.868
Q18099,25.8504,24.9725,25.1316,25.6406,26.6643,25.4159,24.5745,24.5275
Q18115,27.6932,26.937,27.2276,28.7905,29.7134,24.7282,26.6185,26.3783
Q18124,20.614,23.1467,22.164,21.1364,20.5242,20.3233,21.554,21.0901
Q18152,21.6089,20.573,20.4979,21.3559,21.4947,20.8265,20.8499,20.7556
Q18202,23.1478,23.2028,24.0535,23.2742,24.2653,21.943,23.3651,23.906
Q18212,21.0177,21.4406,21.3455,20.9419,21.401,20.1284,21.2673,21.3901
Q18212,21.1519,20.677,21.2535,20.9754,21.663,20.7213,21.2624,20.4936
Q18217,21.6033,20.6008,20.7327,21.062,21.4097,20.6661,20.9371,21.2417
Q18231,24.2369,25.1604,24.2072,23.9171,25.2422,22.938,23.8402,21.887
Q18231,24.7393,22.8774,22.4925,22.8202,26.1025,26.4397,25.2537,25.5018
Q18286,21.528,20.2694,21.5029,20.3861,21.4099,20.8456,20.867,20.2907
Q18336,21.5853,21.3395,20.5898,19.3619,21.8018,19.676,21.3101,20.1145
Q18445,21.0504,21.1139,20.7339,21.704,23.3634,21.9292,21.2235,23.2288
Q18449,25.7045,25.6362,27.6696,26.062,26.0856,26.3346,25.1855,26.0225
Q18453,21.5271,20.8524,20.3612,21.6409,21.5594,21.0138,20.4829,21.2864
Q18476,21.9148,20.6798,21.216,21.2662,20.9976,21.245,20.1079,20.8578
Q18544,22.6011,22.645,21.9459,22.156,23.4889,21.0669,21.7893,21.2475
Q18544,21.1158,20.3891,20.75,19.8384,21.8599,21.2071,20.5875,21.1232
Q18545,24.1814,24.328,24.5821,23.5259,21.6551,19.6767,20.8093,21.7028
Q18550,22.2892,22.3878,23.1263,23.5899,25.2402,23.3979,23.1526,25.1313
Q18573,25.7743,22.8055,24.5213,24.7767,26.3358,24.9397,25.152,25.6413
Q18582,21.705,21.209,21.4972,22.7256,26.1798,24.6709,22.367,24.0424
Q18582,22.3188,21.7765,21.9535,22.8717,23.0756,20.6413,22.3029,21.6702
Q18582,24.2893,21.6779,23.3986,23.0937,20.6473,21.0626,20.8634,20.9077
Q18587,21.7744,19.5452,19.868,21.8488,25.3661,23.0839,24.2466,24.0334
Q18597,21.0905,21.0929,20.628,21.7082,24.1629,23.5992,23.8431,25.0643
Q18597,20.9227,21.2228,21.199,20.7159,26.6156,25.3123,24.6814,26.1734
Q18597,21.7519,21.3685,21.5001,21.8115,23.4273,23.3703,25.7332,23.9151
Q18604,24.4475,22.8248,20.8033,21.9766,20.7243,20.5062,21.4994,21.2902
Q18610,21.2091,20.136,21.0109,18.8661,24.1309,24.5239,22.768,24.6958
Q18620,23.6457,22.1907,22.7196,22.4471,25.814,24.9976,23.6608,23.097
Q18650,21.5132,21.7182,21.1048,21.2714,21.9072,20.5712,20.4089,21.2814
Q18655,20.1026,20.4078,20.3752,21.8458,23.556,23.0882,22.5041,21.4211
Q18655,23.7642,23.8676,23.3068,23.9165,23.8321,23.3897,23.6183,23.3916
Q18655,21.9705,20.9959,21.0552,21.8458,25.4301,23.2435,22.8595,23.6985
Q18655,20.9096,21.2163,21.2353,21.0232,25.1902,23.4039,24.586,23.6455
Q18665,22.1517,22.3353,22.691,22.4069,22.7506,22.4869,20.1655,21.0142
Q18678,21.8896,21.7667,21.4421,19.9714,21.4809,21.1272,20.7347,20.2781
Q18680,21.3837,21.6048,21.022,20.7834,21.8319,21.065,20.8968,19.9268
Q18688,21.6592,21.2045,20.1189,21.1691,24.2424,24.3226,22.8829,21.9871
Q18688,24.7087,25.3482,25.7167,25.4716,27.4599,24.7845,25.0215,25.2767
Q18688,21.415,21.1319,21.0721,21.2361,27.4599,23.4992,23.4561,25.0923
Q18688,21.0879,20.5906,20.7828,21.2272,21.9134,20.9355,23.3751,23.1782
Q18688,20.2499,21.643,20.9735,21.1771,24.7852,22.866,20.6051,22.8256
Q18688,26.0917,27.3809,25.8839,27.0928,27.1534,24.3778,23.8389,25.209
Q18688,23.5006,24.656,22.3265,24.0407,24.9475,24.5775,25.4392,24.5464
Q18688,21.4456,21.5022,21.3789,21.2191,25.1964,24.2957,25.7031,27.2985
Q18688,19.9275,19.9635,20.8324,21.6466,24.8728,23.0648,22.4639,22.6965
Q18688,21.282,19.7855,20.9463,21.5279,24.7424,26.1048,28.967,24.6
Q18688,21.8884,21.7007,20.5475,21.8525,23.344,21.681,23.6192,22.7626
W6RS06,22.3767,20.9399,21.8532,23.572,23.425,23.3978,20.7063,21.4262
W6RS06,21.8283,21.081,21.134,21.3957,21.7051,21.0442,21.0429,21.3583
Q18739,21.719,22.0593,22.8436,21.1924,24.6877,25.4382,24.6761,24.4051
Q18739,20.8268,20.1871,21.1181,21.3872,24.8358,25.5661,23.4432,26.0346
Q18739,21.9556,21.3147,20.399,20.3228,23.8086,23.5936,24.9603,25.0831
Q18742,20.837,21.5711,20.7322,19.9842,21.1015,21.2068,20.6774,20.3473
Q18742,24.5541,24.1354,23.8338,22.8749,23.0407,23.1119,22.4178,22.8877
Q18771,25.4967,23.9194,23.7687,24.9543,21.6095,23.3289,23.8658,22.7243
Q18773,30.7047,30.2188,30.2238,28.8361,21.2885,20.993,20.4946,20.3598
Q18787,22.696,22.2856,24.0061,23.2013,24.5569,23.8635,25.105,23.3078
Q18787,21.0377,20.3284,20.6408,21.4791,25.4377,23.4657,25.4139,24.716
Q18787,23.7448,22.6631,21.8282,22.625,25.2783,23.4477,22.1417,21.8359
Q18799,25.4676,24.4818,22.6808,24.5228,22.8683,21.0064,21.3911,23.1393
Q18799,25.4676,25.8376,24.4388,24.8065,22.8683,24.1379,23.9753,22.9148
Q18813,20.8502,19.2558,20.9982,20.1497,24.9302,24.1067,25.9642,24.5283
Q18813,25.6998,25.2826,23.4208,23.6481,28.1514,25.0905,26.0497,25.8311
Q18846,19.8484,21.5806,20.8752,21.9234,23.3798,22.5651,21.2748,22.2119
Q18885,21.8318,21.5307,19.2309,20.6685,23.0221,20.3606,20.9841,20.0378
Q18885,21.6613,21.1863,21.331,21.4714,21.5942,20.7049,21.3193,21.1964
Q18885,25.2441,24.2077,22.4861,25.1361,22.1832,23.9978,23.3924,23.2808
Q18885,21.3487,20.0024,21.5093,21.8109,21.7422,19.9743,21.3318,21.2302
Q18885,20.8731,21.3916,21.0454,21.4876,24.846,24.6555,23.8356,26.0083
Q18885,24.3206,24.1149,24.6058,24.8444,24.5116,20.8663,23.2338,21.3028
Q18885,22.507,23.6407,24.6304,24.8554,25.6598,25.3575,23.7297,23.8642
Q18885,21.3712,21.3563,20.8481,21.013,21.8946,20.2638,20.8762,20.4496
Q18886,20.2217,20.8987,20.9575,20.5753,20.9547,20.7085,20.6912,21.163
Q19007,21.7225,20.6364,20.6819,20.8324,21.5938,21.1884,20.7525,20.4117
Q19007,21.1154,21.6227,20.6808,21.8632,20.8734,20.6219,20.3744,21.331
Q19015,27.7828,27.0373,25.7647,22.9885,21.8739,20.2152,20.3373,21.0855
Q19015,27.7828,27.0373,23.644,22.9885,20.7254,20.994,21.2822,20.7113
Q19015,20.7372,21.1392,20.2986,21.184,24.5237,24.6971,24.0231,24.0223
Q19048,21.7215,21.1236,20.8384,20.2483,21.008,21.006,21.3053,20.9691
Q19056,21.304,21.1249,21.0552,21.1173,21.4268,20.7858,20.8531,21.0469
Q19063,21.9477,21.26,21.0786,21.6177,21.3986,20.5275,20.7346,20.4355
Q19064,24.0221,23.3203,24.2459,23.7586,21.6668,20.8448,20.5775,19.9423
Q19102,21.47,20.9922,20.839,21.8955,21.9218,20.8548,21.3117,21.3712
Q19102,21.3219,19.8494,20.7579,20.7522,21.8516,20.8704,21.0371,21.1414
Q19107,21.2289,20.6764,21.2686,20.265,23.9692,22.5471,20.4961,21.3185
Q19107,27.3288,27.7886,24.438,24.9278,20.5841,20.9328,21.0312,21.0603
Q19162,23.3137,24.1593,24.1392,23.6456,25.5038,23.4562,24.7811,25.2536
Q19162,26.2615,25.8811,24.8542,26.2926,22.6724,23.0343,22.381,25.0817
Q19162,23.7234,25.3315,23.8277,23.0565,25.6171,23.1558,23.907,24.4648
Q19162,22.4774,23.3898,23.4534,24.5901,25.4535,23.567,24.6181,22.9472
Q19162,24.8481,24.9435,25.5444,26.1218,25.3708,24.4837,24.5378,22.3447
Q19188,25.3232,23.8879,23.9715,24.2664,23.0383,23.7872,22.056,22.6939
Q19209,24.6418,24.2083,22.6702,22.302,21.8537,21.0139,20.1493,20.9196
Q19240,25.503,25.1177,24.7238,25.4713,25.0702,25.892,25.7014,26.4731
Q19240,21.4189,20.7634,20.2907,21.9226,21.9301,20.1075,20.2933,21.2254
Q19257,21.3386,21.7618,20.6259,21.8447,22.6175,22.566,21.9236,20.7829
Q19257,23.8709,22.9817,23.4318,24.7671,22.1476,23.0553,22.9481,23.7901
Q19276,21.1893,20.5148,20.5229,21.3868,20.9956,20.9562,21.1808,20.0762
Q19289,29.852,29.6461,29.8727,29.5235,29.1,27.9959,28.772,28.2587
Q19289,28.605,27.5017,27.6018,28.0628,28.389,26.6445,26.1719,26.7215
Q19289,27.3034,25.0516,28.3317,26.4394,22.6709,22.2878,22.6438,22.6425
Q19289,22.0503,23.7174,20.9789,21.052,25.3948,23.1184,21.4762,22.4968
Q19289,25.0499,25.245,24.7103,24.8301,25.0734,21.7932,21.2373,22.3775
Q19289,29.3869,28.4794,27.6189,28.7123,29.4678,26.3053,26.2253,27.4649
Q19289,25.3126,24.2811,23.8405,24.0732,24.655,24.5823,25.1585,24.4723
Q19289,25.0588,25.241,24.3256,24.4751,23.5958,21.1763,21.235,22.4005
Q19289,23.6068,24.1105,21.818,22.0366,23.1414,23.7002,23.3932,21.9062
Q19289,27.6397,26.7845,26.7309,25.3277,24.6433,23.673,22,23.6745
Q19289,20.9576,21.4674,20.9059,20.5244,22.4755,23.7229,23.8923,23.1345
Q19289,23.912,21.3168,22.7509,24.2773,22.4755,21.7026,20.5048,24.3905
Q19289,24.9691,24.1248,23.6222,24.1249,24.8851,24.0341,24.6762,24.1792
Q19289,25.838,26.2457,24.6674,25.1884,27.5679,26.4378,27.6384,26.0003
Q19289,23.6686,24.5307,22.5979,24.153,23.7849,22.39,21.7826,21.8808
Q19289,21.5027,21.6929,20.8602,21.5052,21.857,20.5351,21.0096,20.1544
Q19289,25.0969,24.6289,24.5025,24.6042,25.5678,25.9008,25.0911,24.3351
Q19323,22.0971,21.4242,21.5785,21.8211,20.9312,20.9107,21.3899,21.3084
Q19325,21.9488,21.4909,21.4711,20.7669,21.8253,19.4294,21.2316,21.1302
Q19325,25.7021,24.2678,23.439,25.0051,21.2608,20.9187,20.7011,21.1178
Q19335,21.8743,21.752,21.2456,20.8629,21.8471,20.2889,19.6444,20.6943
Q19344,21.1833,21.1743,21.2564,21.3806,25.4439,26.0307,22.8225,23.5008
Q19360,22.4638,23.5967,22.7843,22.9542,24.1618,25.549,26.6602,25.5629
Q19366,21.7522,21.089,20.1752,21.7411,21.8714,21.2641,20.9479,21.4157
Q19376,21.1715,21.3268,20.2072,21.8343,24.3769,22.5398,23.5963,20.7311
Q19442,21.7126,19.2364,20.2491,20.4742,20.6103,20.6262,20.9482,20.2364
Q19446,22.9803,23.7096,23.555,23.2796,25.4433,22.0526,23.1443,21.2794
Q19478,21.8392,21.6722,21.1895,21.8636,21.4108,19.8525,21.1553,20.5042
Q19545,26.3917,26.3315,26.2907,26.7107,22.8053,21.1258,22.8223,23.1312
Q19573,20.6805,21.6927,20.5826,21.7646,21.5114,20.6899,21.2931,21.4108
Q19573,24.7985,26.1852,24.9892,26.4316,23.7489,22.1582,25.0216,22.5987
Q19577,21.7924,21.5533,21.0613,20.4832,24.2869,22.1242,24.2803,22.5302
Q19579,23.1828,25.1373,21.7473,22.6045,21.9307,20.9064,20.7599,19.4247
Q19579,24.7136,26.2886,25.2563,25.4512,24.8171,21.5958,23.856,22.7689
Q19579,25.6383,26.3528,24.6272,24.6519,21.7464,21.2736,21.2542,20.3848
Q19579,21.728,21.0252,20.7859,21.8384,20.7114,20.5711,20.3494,20.9401
Q19625,21.7733,21.1622,21.0548,21.4529,21.1112,21.1081,20.6931,21.2037
Q19625,21.9074,20.6412,21.5305,19.7763,21.7911,20.6869,21.3803,20.368
Q19626,26.4685,26.823,26.077,27.1745,27.4957,25.8197,25.856,26.0847
Q19680,21.3749,20.5636,21.1666,21.5072,21.9097,20.97,21.3365,21.3753
Q19680,21.3987,21.1223,21.2611,21.4915,21.6235,20.2273,20.7298,20.185
Q19680,21.388,20.5908,20.4924,20.9855,21.433,20.6565,20.339,21.0956
Q19743,21.2041,21.552,21.268,20.607,21.9409,20.5602,21.267,21.3596
Q19746,24.088,23.0885,23.134,24.5417,22.3207,21.4832,22.0075,21.9451
Q19746,27.6531,26.5689,26.8339,26.2731,20.2589,21.0504,21.37,20.7413
Q19746,24.088,23.0885,21.6649,23.6833,22.3207,22.8792,20.9473,21.756
Q19746,27.1797,27.0437,26.2837,26.9585,25.3863,24.0967,23.9696,24.5005
Q19767,24.7705,23.9417,24.1327,24.6719,24.7485,23.133,24.5688,23.3069
Q19767,24.1227,23.2154,25.1073,25.1187,28.0784,27.1589,26.444,26.1515
Q19775,21.7446,21.3538,20.7442,20.8161,21.5171,21.1486,21.25,20.9843
Q19796,21.7473,21.4991,21.276,21.1929,20.9357,20.6948,20.9096,20.8555
Q19825,21.7069,21.7752,20.996,21.7562,21.5104,21.1257,20.7915,20.6723
Q19826,25.0676,23.6325,24.1643,25.7673,25.5171,24.0435,23.528,23.9081
Q19843,25.6988,23.1795,24.2666,27.678,27.2301,24.1218,24.1154,24.6418
Q19869,20.9573,20.2365,20.8683,21.3669,23.1365,22.4998,21.875,23.4846
Q19872,21.3467,21.2523,21.2577,20.8534,21.7836,19.955,20.1697,21.3662
Q19895,22.7918,21.4677,23.1548,22.4308,24.2479,21.6241,23.0488,21.7348
Q19895,24.7594,25.0589,23.9836,24.9578,27.8429,27.0077,27.8822,27.4907
Q19907,21.3474,21.4834,20.9296,20.9403,21.5811,20.9649,21.3792,20.7794
Q19932,21.6248,20.7986,21.5051,21.6202,23.8164,24.1005,24.1443,24.4599
Q19949,24.8416,25.1137,24.3944,24.2216,25.3289,22.7436,23.4199,22.8416
Q19949,25.8309,25.1493,23.5449,24.6519,26.9908,21.8904,25.6008,25.8421
Q19952,21.5804,20.587,20.4713,21.457,21.1766,21.2333,21.0597,21.0909
Q19952,21.9424,20.0982,20.4268,21.4391,21.2812,20.591,20.6867,21.3368
Q19952,20.6673,21.0309,19.1062,21.8338,21.4095,21.1152,20.9105,20.5419
Q19979,21.8308,20.8755,21.4713,21.1425,21.3761,21.2018,20.6985,20.7913
Q19986,21.2975,21.4062,21.0028,21.5094,24.3337,24.1634,23.5955,23.8891
Q19986,20.4427,21.3036,18.8893,21.4062,20.871,21.143,21.3874,20.5989
Q1XFY9,21.8662,21.389,20.9517,21.7892,25.0726,23.8144,25.4334,27.4019
Q1ZXU7,21.7288,20.5044,21.4951,21.7462,21.288,20.8604,21.2855,19.8369
Q20022,25.819,24.1555,26.0826,26.1514,24.4418,22.4138,23.6255,23.1771
Q20025,24.3002,24.1121,21.7453,22.5132,23.0094,22.6909,22.1484,23.6942
Q20034,24.2111,25.8542,26.3569,25.2764,25.3071,22.6717,22.5175,23.4334
Q20034,27.455,26.9189,25.9067,26.5958,26.4089,24.9426,24.5481,24.7578
Q20034,25.7009,23.4636,22.2484,23.3305,21.3597,20.8952,21.3621,21.2298
Q20034,21.1952,19.8212,20.5451,20.8163,24.419,25.0424,26.2896,25.9712
Q20040,21.3902,21.5676,20.5953,21.8177,21.6976,21.2565,20.7096,21.0016
Q20040,23.8419,23.36,23.0647,21.8488,21.3956,21.2645,21.2393,21.2448
Q20040,23.4691,22.8692,24.3382,25.1232,23.9231,20.1982,21.3359,21.6788
Q20106,21.8559,21.4263,20.2044,20.9195,21.8184,20.303,21.0634,19.9752
Q20116,20.3158,21.6949,20.8466,20.4326,21.8785,20.3588,19.9979,21.4092
Q20117,21.4714,21.621,21.3555,21.9046,21.3473,21.0361,21.0113,21.3151
Q20121,26.0586,25.8333,26.5501,25.9805,25.6837,23.0393,22.849,24.3588
Q20177,20.6494,21.316,20.0505,21.1666,22.8057,20.1624,22.4425,21.8896
Q20177,21.1385,21.0178,20.5472,21.7518,23.7667,24.226,23.4725,25.023
Q20177,21.3189,20.1839,20.5908,21.2969,21.382,21.1537,20.9021,21.3742
Q20206,23.3108,23.4528,21.8204,23.3174,21.7229,23.2461,21.6506,20.8056
Q20206,21.2112,20.9708,21.2882,20.4824,20.8946,21.0359,20.7106,21.3547
Q20206,23.8497,23.5022,23.0476,22.8472,24.2845,20.7891,21.2336,22.9474
Q20223,20.6908,20.514,20.8584,20.4811,24.0607,24.1484,23.692,22.1152
Q20223,23.9592,23.4384,23.9129,23.9963,21.4806,21.1855,21.3407,21.4078
Q20223,25.3131,22.8953,24.5216,24.7447,21.4232,21.3272,20.5351,19.8593
Q20224,20.7536,20.8888,21.0893,21.2375,21.343,20.3625,21.105,21.3891
Q20224,23.9592,23.4384,23.9035,23.9963,20.5229,21.1522,21.3477,21.1784
Q20228,21.154,21.5773,21.1453,21.1852,22.8695,24.0077,22.8481,22.7204
Q20228,21.7451,20.1402,21.5125,21.2368,20.574,20.9687,20.1814,20.4007
Q20228,20.4481,20.6467,20.0116,20.3701,23.6071,22.0783,22.7142,23.711
Q20241,25.4249,26.0529,25.902,26.0625,26.6786,24.6951,24.2817,24.7588
Q20265,22.7819,23.7697,23.0999,23.2734,25.3419,24.7,24.2678,23.6993
Q20265,21.0617,21.2159,20.9591,20.4483,24.1986,23.8662,24.92,21.8204
Q20277,21.5293,20.4489,20.3845,21.786,24.2261,23.0427,23.7567,21.9553
Q20287,21.1114,21.0471,21.4371,21.2064,21.4101,21.2415,19.7673,20.3333
Q20310,24.8924,26.0317,24.0789,24.2022,22.9165,22.9353,21.4241,22.1565
Q20310,24.9226,23.1748,23.6231,23.2257,22.2306,21.8188,22.5908,21.1836
Q20310,22.2242,23.3945,20.7661,21.7994,21.5888,21.1949,20.5692,20.7867
Q20310,23.9702,23.231,23.1342,23.053,21.0291,20.6229,20.9773,20.8265
Q20310,24.9226,23.1748,23.6231,23.2257,25.3534,21.8188,20.7359,22.2938
Q20334,27.3896,27.4862,26.9,27.1734,28.3652,26.0403,25.0923,26.7578
Q20334,20.9723,21.6945,20.9416,21.3138,21.1874,20.9282,20.7202,21.171
Q20363,28.2163,27.1043,26.0562,28.2565,26.6684,25.8413,24.0279,25.8005
Q20363,27.8951,27.2143,27.3172,27.649,27.5667,25.7672,24.4883,25.5971
Q20363,30.4548,29.7914,29.9397,29.104,29.5742,27.5551,26.8107,26.5609
Q20363,24.0472,22.3894,22.903,22.9736,21.968,20.6713,21.0942,21.3093
Q20363,25.5544,25.2085,24.2677,25.4341,26.5172,23.9577,24.3894,24.5957
Q20363,24.242,24.9703,25.2999,24.8027,21.7864,20.55,21.2878,20.757
Q20363,29.7187,31.2612,30.614,31.3125,30.5369,28.9305,27.7236,28.9037
Q20363,27.0712,27.0057,26.6906,27.5089,27.8992,26.2621,25.2339,25.8218
Q20363,20.9825,21.5715,21.1808,21.4305,25.8468,24.5849,24.7828,24.4708
S6F568,21.0339,20.1888,21.3895,20.5091,21.1993,20.947,19.8758,20.9146
Q20476,22.6134,23.6345,24.3444,25.5308,25.261,23.151,25.092,23.1863
Q20496,20.4441,21.5295,20.9479,21.2449,21.4147,21.2075,20.4919,20.8804
Q20525,21.7608,21.6635,20.0828,21.1491,21.7029,21.1926,20.9271,21.2241
Q20588,21.146,21.6623,20.7735,20.8849,22.2852,24.8353,23.393,22.6992
Q20588,21.8399,21.5584,21.0643,20.2137,22.2852,21.3994,22.5532,22.2153
Q20626,21.6305,19.4631,19.8881,20.1721,21.3705,20.8575,21.3229,21.0694
Q20626,21.7257,20.7587,20.1968,21.6353,21.6106,20.4918,20.8379,21.1433
Q20626,21.5146,21.2363,21.1204,21.3618,21.3045,19.6883,20.7718,21.3115
Q20626,20.517,20.89,20.5003,21.5772,21.9309,20.8718,21.0023,20.9704
Q20626,21.3144,20.8517,21.4116,21.8907,21.722,21.0533,20.6308,21.1233
Q20626,21.5305,21.5396,21.1741,20.6147,21.7895,20.1086,21.1402,20.5397
Q20626,23.138,22.5208,22.9125,23.9206,21.6075,21.0926,21.1758,20.8843
Q20627,24.5511,24.1518,23.2977,23.535,24.0673,22.2456,21.9641,23.0414
Q20631,24.1507,24.7436,25.1607,24.5934,23.2078,21.8614,21.1736,22.4109
Q20634,20.8208,20.7923,21.2887,21.9046,21.2345,21.2249,20.6938,20.3677
Q20641,20.9165,21.0199,21.1605,21.7031,21.9746,20.9191,20.3299,21.0723
Q20641,24.7631,22.8155,24.5026,24.8433,24.3953,22.8923,22.8312,24.1228
Q20647,22.3927,22.9074,23.5089,23.4385,24.3426,24.4321,23.6804,24.3703
Q20647,21.7444,21.7498,21.0003,21.4342,21.5567,20.9901,20.9378,19.7354
Q20647,20.5251,20.9294,19.6177,21.3109,23.5663,24.1374,20.6504,22.2008
Q20655,20.8397,20.1557,20.3337,21.5338,22.8692,21.2017,20.3118,21.4101
Q20655,21.9933,21.6082,22.0889,22.4531,21.662,20.8453,20.3887,21.2804
Q7JP52,26.2443,25.9732,27.0736,25.8772,21.7074,20.8166,21.1133,20.2751
Q7JP52,27.4343,28.1009,24.5121,27.663,23.4563,24.811,21.1412,23.2149
Q7JP52,24.188,23.4609,23.6071,25.0331,21.6488,20.8444,20.7519,20.7614
Q7JP52,27.2336,27.4909,27.7584,27.6307,25.4633,23.4618,23.4867,22.6229
Q7JP52,21.8788,21.5449,19.3448,20.5242,21.8625,20.8656,21.0909,20.7033
Q20683,20.1088,21.5503,20.7823,21.7179,21.5576,21.1248,20.5372,20.6527
Q20684,21.9206,20.4097,20.4111,21.5603,21.2407,21.2013,21.2563,19.4001
Q20684,23.4596,22.634,22.8146,22.3518,21.2402,20.4962,21.2761,20.6716
Q20684,21.1931,19.2494,21.4763,21.0418,19.1462,21.0937,21.3592,20.3896
Q20684,21.9293,21.476,20.9433,20.6884,21.866,20.5757,21.2682,20.444
Q20684,24.163,24.7939,24.6429,23.8007,23.9027,22.7579,24.2685,22.7372
Q20684,28.2748,27.1123,27.4161,28.4118,27.6069,27.5239,23.098,23.2276
Q20684,25.4113,25.2891,24.1207,24.441,24.6913,23.3845,22.306,23.7557
Q20716,21.9691,21.3788,21.1207,20.6465,21.7378,20.7806,20.8424,21.01
Q20716,21.47,21.3126,20.6123,20.7767,22.6278,22.3623,22.2389,22.1366
Q20756,25.3851,24.5279,24.3077,24.8707,25.1534,22.8514,23.6544,22.2949
Q20757,20.7464,20.7194,20.5622,20.4237,21.4776,21.0706,21.0733,20.5171
Q20762,22.7846,22.7479,21.6262,21.5139,25.3874,23.4856,24.511,23.8651
Q20762,24.8038,23.845,23.7337,24.6828,25.863,24.6552,24.0188,23.9027
Q20762,22.2032,22.2062,23.3416,21.795,25.6338,24.664,23.6877,24.0498
Q20771,23.5088,23.3494,22.9186,23.3543,22.709,22.2563,22.8464,23.2753
Q20774,23.628,22.6071,22.4331,22.8268,21.9291,21.4787,21.88,21.2807
Q20774,21.7607,20.656,21.4116,20.7076,21.0423,20.876,21.1535,21.3432
Q20778,20.7508,21.3291,20.8443,20.6993,20.8924,20.0342,20.5937,21.257
Q20783,21.1544,21.0131,21.1648,20.559,21.8276,21.1615,21.3787,20.4364
Q20797,20.9315,21.5879,21.3681,21.4187,23.4867,21.4138,22.3787,21.9132
Q20833,21.8644,21.2671,20.3522,21.3553,21.6951,21.1444,20.8897,20.7846
Q20864,21.947,21.3444,19.7668,20.8424,23.1919,22.6535,22.0145,22.6226
Q20864,26.3463,25.5739,26.3358,25.8477,24.0547,25.3307,22.7263,24.2132
Q20864,21.1859,21.771,21.3066,20.944,21.3328,20.8176,20.9235,21.1546
Q20893,22.2585,23.1707,21.4527,23.0064,26.0688,24.7681,24.6789,24.138
Q20893,19.7578,20.5898,21.3068,21.0589,24.1651,22.9974,24.5206,24.2977
Q20898,21.9172,21.6444,21.1536,21.7242,20.2267,20.742,21.1904,21.1139
Q20898,21.1442,21.2049,21.3802,19.8294,20.8365,20.9485,21.0606,21.1827
Q20922,26.6217,26.2429,24.8222,26.4422,26.0897,25.1933,24.8094,25.6284
Q20940,20.9194,21.3101,19.6157,20.7663,23.6155,23.543,21.5593,21.052
Q20970,21.7865,21.4732,20.7676,19.5654,20.1351,21.2679,19.9143,21.3916
Q20974,21.6616,20.4294,21.3801,21.7923,21.7959,20.5874,21.3074,21.2311
Q21000,22.46,22.104,21.488,21.405,25.2796,24.865,25.7013,24.3764
Q21000,22.1506,22.2789,22.0453,22.1702,23.1012,20.5398,22.1538,20.8904
Q21000,20.8522,19.9774,20.9073,21.8936,23.3263,21.0752,22.2972,21.0779
Q21000,24.7868,22.3429,23.6815,23.174,25.8713,23.7695,24.5051,24.3341
Q21000,20.3445,20.5054,20.254,21.9099,21.4943,20.854,20.9822,21.0649
Q21000,21.5445,20.5043,20.7162,21.8015,21.8131,20.5358,20.9473,21.0144
Q21000,20.7173,21.3664,20.4694,21.3383,24.857,24.5587,24.4472,26.8423
Q21000,21.0003,20.8929,20.9829,20.7677,22.5883,21.9523,23.9403,22.4739
Q21000,21.3981,21.7746,19.6534,20.9277,26.5574,25.81,25.5643,24.4227
Q21000,21.0479,20.6999,20.495,21.4452,25.7364,26.7365,26.7141,26.186
Q21021,25.314,25.393,24.663,24.5435,24.687,24.8393,22.4313,25.4585
Q21021,24.3866,24.2594,22.9024,24.0389,21.8073,21.1208,21.1483,21.3979
Q21049,21.4709,21.2601,20.8237,21.3376,21.529,21.1398,19.2816,20.7656
Q21114,21.9615,21.6739,21.4432,21.2248,21.8229,21.1663,21.2957,21.1525
Q21131,24.1903,22.0093,22.067,23.8533,24.3219,22.4098,23.4481,22.2415
Q21166,22.7287,23.1658,23.1071,24.3432,25.104,22.8961,23.0963,24.7543
Q21215,22.435,24.063,22.2299,24.1189,24.4118,23.123,25.0012,23.2854
Q21215,27.4604,26.8591,25.8295,27.6585,28.1486,25.9281,24.1731,25.4657
Q21215,25.9085,26.0569,23.6761,25.9418,26.5445,23.4725,24.107,24.846
Q21215,26.8815,28.2956,27.2262,27.4689,28.7075,28.5893,29.2297,27.7471
Q21219,25.6472,26.2787,24.8334,26.6169,28.508,26.096,26.3405,25.4597
Q21219,21.5199,19.7321,20.6861,20.8783,20.6248,21.0086,20.6854,20.9429
Q21219,20.433,21.6325,21.0797,21.5845,21.2125,22.2683,22.4407,22.1169
Q21219,23.4767,22.6949,22.7481,24.1322,21.9054,20.5398,21.1121,20.5815
Q21219,26.2768,24.793,25.1799,24.9679,28.0997,25.7283,25.5742,26.1001
Q21276,21.1909,20.4531,20.109,20.6246,25.8873,25.3081,23.7882,24.5594
Q21276,21.843,21.6168,20.7484,21.0137,21.1493,20.668,20.9874,20.0093
Q21276,21.0166,20.923,20.0667,20.9375,20.9008,20.6202,21.1618,21.3399
Q21285,23.8964,24.6895,24.7619,23.6377,21.9678,19.7632,20.5948,20.9801
Q21312,24.3711,23.8568,23.5398,24.3573,26.0116,24.3694,26.3717,26.6777
Q21351,21.8462,21.7004,20.697,20.9206,20.4917,21.2381,20.9431,21.2771
Q21351,21.8893,21.7392,20.9647,21.6498,21.9571,20.5874,21.0029,21.0166
Q21351,20.9769,21.2885,20.4668,21.6767,21.7988,20.4309,21.358,20.3864
Q21351,21.9262,20.8996,21.2718,21.3136,21.3256,20.2564,20.4844,21.066
Q21352,21.767,24.028,23.3496,25.2963,21.7343,21.0411,21.3859,21.1592
Q21352,26.614,24.028,22.8359,27.4536,25.9431,24.5783,23.6196,24.2956
Q21352,22.5226,21.5394,21.9081,23.4835,22.1297,22.8078,23.3052,22.0749
Q21381,22.8699,23.0607,23.1546,22.4514,23.4489,21.5672,20.0175,20.4961
Q21385,22.4536,22.9172,21.9737,22.9911,23.5282,21.4804,20.7673,22.6238
Q21385,24.9985,25.3932,23.4848,25.0522,25.2029,24.3129,23.9501,25.4133
Q21443,23.4917,21.7509,23.2099,23.3043,23.5275,20.7497,22.3042,20.6254
Q21443,26.2225,26.1082,26.6044,25.8011,26.4643,23.964,23.8071,23.2479
Q21443,25.5236,26.8898,25.0916,24.9589,20.9238,19.6049,20.8332,20.5593
Q21443,25.3424,23.9991,25.2806,25.473,24.0972,22.0602,22.1248,24.1113
Q21443,20.6586,21.4731,21.0572,21.4481,21.2975,20.2342,20.5346,20.3036
Q21443,25.5432,26.3095,24.7557,25.5602,25.1208,24.5667,24.2858,24.8541
Q21443,20.8731,19.6737,20.4825,20.7335,21.2435,20.8471,21.1273,20.6748
Q21443,22.2557,22.4694,21.9818,23.1462,23.6566,24.6771,22.5047,23.3822
Q21443,22.6569,22.6692,21.9442,22.8329,22.6006,22.2922,23.9522,22.5009
Q21443,25.3672,24.8457,22.6703,22.3954,24.0719,23.7968,22.458,23.164
Q21443,21.4631,21.4339,20.8583,21.6007,21.3614,20.4531,20.8161,21.1035
Q21443,24.0506,23.5088,23.1852,23.0498,24.2642,22.4586,24.2096,23.1098
Q21443,20.0881,20.8978,20.2244,20.5597,21.7262,20.3832,20.8085,19.9179
Q21455,19.1289,21.6363,20.864,21.2358,23.5113,21.154,22.7235,22.1145
Q21455,26.4977,25.6813,25.3586,24.5528,24.4747,24.8866,23.1043,24.4953
Q21463,20.9145,21.0321,21.5376,20.9167,21.8483,20.2181,21.3622,21.4074
Q21463,20.3879,21.4518,20.3398,20.7056,24.8967,24.9738,24.4813,24.3655
Q21465,25.2552,24.165,23.8868,25.3945,24.981,24.5109,23.9732,23.9909
Q21473,25.8437,25.2981,24.4108,23.7412,27.4984,24.3804,23.6258,24.3344
Q21502,21.6896,21.1153,20.5301,20.2307,19.9623,20.7421,21.174,20.3579
Q21525,21.8005,20.3388,21.1013,21.5601,23.5181,21.9858,23.4626,21.1995
Q21559,21.8255,21.3719,20.6758,20.4874,21.9118,20.6805,20.319,21.291
Q21568,21.2789,21.3336,20.1721,21.5228,21.8434,21.1159,22.5559,20.7285
Q21568,19.6154,21.6424,19.786,21.7475,21.554,21.1968,21.0311,21.4168
Q21574,20.0888,20.758,21.4591,21.4178,21.751,20.6033,21.2084,19.8888
Q21574,21.7836,21.277,20.022,21.057,24.5625,22.7514,21.9608,22.9775
Q8WQD8,22.1421,22.1981,20.0036,21.1454,24.1835,22.7757,22.4998,23.3685
Q8WQD8,26.248,26.3222,26.7087,27.0055,29.0738,26.7958,27.2055,27.8734
Q21629,27.9562,27.0247,29.0389,27.5432,26.1825,25.2308,24.3285,24.7776
Q21633,25.4606,24.7319,22.0687,23.9313,25.1397,23.9688,25.6354,24.0566
Q21633,20.6248,21.1107,21.102,21.342,21.3228,20.6814,20.7116,20.8979
Q21633,22.4464,22.4901,23.004,22.6304,24.1769,23.6166,26.2281,23.0436
Q21633,21.7581,21.311,20.6293,21.1964,21.5435,20.7144,21.2887,21.1022
Q21633,27.5763,27.5986,27.6769,28.5657,29.4055,27.8024,27.5965,28.9492
Q21633,25.5281,24.2739,23.262,23.2817,25.7378,24.2327,24.149,26.2002
Q21633,21.507,21.7828,20.6436,21.8701,24.8944,25.8536,22.6337,25.7717
Q21633,20.856,21.4229,20.9871,21.4342,22.0658,19.4781,22.3066,20.8141
Q21633,21.9684,20.8331,21.1395,21.5052,21.1053,20.9987,21.0559,20.9778
Q21633,21.5313,21.4623,19.2453,20.9682,21.4212,20.9916,21.1481,21.3556
Q21642,24.7499,24.0901,23.5403,23.6821,27.2718,25.4251,24.9841,25.5025
Q21642,26.0913,23.8441,22.8062,24.7384,26.7066,22.0502,23.0709,22.3728
Q21660,19.6482,21.1021,21.0686,21.2744,25.8522,23.9888,25.2998,23.7937
Q21693,24.4177,23.3703,23.9725,24.084,21.1001,20.6449,20.0265,21.1249
Q21735,21.9631,21.0767,21.5095,20.638,25.904,26.888,26.4305,24.6655
Q21746,21.8084,21.3992,21.434,21.1817,21.9668,20.6057,19.1431,20.6378
Q21746,23.9034,23.0918,23.7026,22.5868,23.3931,23.0342,22.1992,22.135
Q21746,25.104,23.771,24.0754,24.4523,25.4696,22.6463,22.7312,23.5353
Q21746,24.1353,24.3949,23.9649,24.3374,22.4695,19.8899,21.8251,21.4371
Q21746,21.5751,21.1234,21.2913,21.1827,21.877,20.5242,20.6601,20.8664
Q21746,29.1722,29.6304,27.5483,28.7064,29.0447,27.5118,27.462,27.3116
Q21746,21.9563,20.5516,20.0697,21.8028,24.1213,22.7544,24.691,23.1661
Q21746,23.7753,23.9102,23.061,24.2134,24.4575,23.3977,22.6693,23.2264
Q21752,24.2674,25.3526,24.6588,25.9688,25.9724,24.1493,24.3844,23.5929
Q21752,30.2373,29.8329,29.7695,30.0618,29.1727,28.2556,28.1253,28.5817
Q21763,21.4519,20.7738,21.0599,20.3336,21.8278,21.022,21.1213,20.7054
Q21763,21.9622,21.5854,21.2303,19.914,20.9454,21.2034,20.8904,20.9092
Q21763,20.9877,20.0567,21.082,21.7727,21.7025,20.9198,21.1402,21.032
Q21891,21.8894,20.9593,21.0659,21.2553,21.0659,21.0554,21.3461,20.4276
Q21891,24.6355,23.5929,24.6664,22.9292,21.5388,21.1418,21.1068,21.325
Q21891,25.9492,25.4654,25.644,26.5784,26.8937,25.9402,26.0761,22.5929
Q21891,20.4224,21.1101,20.396,21.6508,21.5449,20.0647,19.99,19.807
Q21891,20.5516,19.1439,21.0996,19.1199,21.8306,20.993,20.9635,20.808
Q21891,25.0442,24.5288,23.8818,24.9601,21.4831,21.1126,21.1034,20.2541
Q21891,24.2983,24.1806,23.1964,23.8604,23.9368,22.3259,22.9464,23.9825
Q21891,22.9445,22.9696,23.9445,24.0351,21.4277,21.2046,20.8694,20.3572
Q21891,21.5841,21.2895,19.6132,20.8244,21.5234,19.6194,20.3407,21.4176
Q21891,21.4838,20.8377,20.793,20.6106,20.6022,21.1736,20.2881,21.1232
Q21899,21.2223,20.5518,19.245,20.6815,21.2901,21.0721,21.3206,20.5839
Q21899,25.6476,22.9004,22.6114,22.982,22.6089,22.6555,22.7068,21.2202
Q21930,23.2812,23.5278,22.3621,24.1252,27.3922,26.2756,25.7006,26.7806
Q21930,21.3959,21.1719,21.4506,20.8522,24.9776,23.003,23.2377,22.3763
Q21930,23.1668,24.4092,23.649,23.9785,21.6014,21.0909,20.9804,20.2364
Q21930,30.4324,28.9715,28.0187,30.0993,29.9971,29.791,29.7881,27.6625
Q21930,20.8063,20.7738,20.6307,20.7029,21.5425,20.9502,20.76,20.8573
Q21986,21.2634,20.914,21.4326,20.7814,22.5754,21.524,24.1387,21.071
Q21993,21.8903,21.6124,21.3335,21.6658,21.6375,20.837,20.7705,20.7129
Q21993,21.7282,21.1131,19.9615,21.6984,20.9053,19.5724,19.8468,20.7384
Q9BI73,19.6438,21.6934,21.3554,21.3126,21.7196,20.6526,20.42,20.4781
Q9BI73,21.4748,20.8416,18.7073,21.6684,21.1473,20.8155,21.073,21.0933
Q22013,20.7221,21.5104,21.4769,21.7017,21.1398,20.3767,21.167,21.2886
Q22015,21.85,21.0554,20.8908,21.8755,23.8749,24.556,25.2135,26.5396
Q22028,28.1518,27.8465,26.1468,28.0393,27.3782,26.3074,25.1536,26.5822
Q22028,20.2183,20.4202,20.9395,20.1981,21.6766,21.1172,20.9841,20.5807
Q22037,26.0613,24.4177,26.0736,24.7988,25.1459,24.8871,23.6044,24.6929
Q22037,20.6185,20.8238,20.7986,21.8685,25.0578,24.2657,24.9409,22.3633
Q22037,21.6825,21.1915,21.1628,21.5416,21.8852,20.302,20.4083,21.3396
Q22038,24.4646,22.6902,22.5555,23.1267,21.3942,21.2033,21.121,20.5756
Q22038,24.8777,23.2403,24.4418,25.3677,20.958,19.7569,20.86,21.1743
Q22053,21.5393,20.758,21.398,21.8218,24.3755,21.5994,21.8101,23.8946
Q22053,20.054,21.3623,21.3558,21.4376,24.557,23.2118,25.0007,23.1851
Q22053,22.4555,23.5013,23.5155,23.3764,25.1288,24.1757,23.1347,24.362
Q22054,20.6427,21.7338,21.4335,21.6993,20.7818,20.9572,20.6221,20.2
Q22054,20.84,20.2812,19.8199,20.8311,24.0489,21.339,24.1458,23.0863
Q22065,21.7421,21.4923,20.5276,21.8713,21.7258,20.9772,23.4931,22.6562
Q22065,22.4731,20.2178,20.0768,20.6995,24.0765,21.3316,22.0178,19.7467
Q22067,24.6754,23.9954,22.9615,22.5461,23.2107,22.2133,23.0733,22.2522
Q22101,21.5691,21.6381,19.8507,21.5958,21.1436,20.788,21.3564,21.3504
Q22215,21.9295,20.2317,20.7164,21.8117,24.5509,23.0638,21.1243,23.1887
Q22240,21.296,21.7708,21.172,20.4878,21.3469,21.0581,20.4937,20.1406
Q22253,25.107,25.0056,25.4485,25.7192,26.1408,24.3836,25.5325,27.2965
Q22253,23.895,25.8696,22.8869,22.9032,24.1601,22.1638,22.94,23.0749
Q22257,20.1298,21.559,21.1245,20.2263,21.2074,20.5717,20.7524,20.3866
Q22295,24.2571,22.9695,22.8569,22.0604,24.4118,23.6066,22.2396,25.1998
Q22295,21.9378,20.9336,21.4051,21.5176,24.1539,24.549,24.7072,22.9479
Q22322,19.9895,21.1498,21.3874,21.6468,22.9694,20.8228,21.0615,21.5254
Q22322,23.8952,21.6657,23.4727,23.0306,22.9335,23.0448,23.7335,23.1791
Q22352,21.6203,21.7448,19.8692,21.1408,21.3685,20.7205,20.2561,21.3315
Q22371,21.5615,20.9868,20.1199,21.5651,23.8379,24.7762,25.4559,24.1973
Q22379,26.3065,26.1124,25.498,26.2819,25.9541,23.935,23.0625,23.8949
Q86NE3,24.6605,24.5412,23.0352,24.4782,23.8203,23.0172,22.591,24.1378
Q22422,21.5738,21.1025,21.2584,21.0175,20.7527,20.8588,21.3445,21.1934
Q22436,21.4237,21.2563,20.0413,21.0461,21.8191,19.9878,21.0163,20.9488
Q22436,24.7285,22.0059,23.3529,23.4,24.2778,22.5066,22.395,22.7407
Q22436,24.9715,25.7472,25.2262,25.7782,24.9747,24.0766,24.0733,24.6537
Q22436,23.9873,23.3597,25.673,22.7796,21.3279,21.056,20.8116,19.2349
Q22436,26.5925,25.0161,25.0719,25.6409,26.9958,25.7689,25.4772,22.6898
Q22436,20.0143,20.3874,20.9937,21.1157,21.9685,21.1097,21.3209,21.2948
Q22436,25.8988,25.4322,23.6907,24.7015,26.7309,23.0369,24.3607,25.1149
Q22436,25.7588,24.4117,25.1086,24.7719,26.6602,24.6151,26.1282,25.1965
Q22436,25.0318,24.7164,25.2599,25.1959,27.3046,25.8929,25.1225,25.1734
Q22436,24.2752,24.0331,24.1552,24.4677,25.4456,25.0282,25.0877,22.7468
Q22436,24.0192,24.4585,24.1474,24.4397,25.6858,22.4859,24.4821,23.7977
Q22436,24.0192,24.4585,24.1474,24.4397,25.6858,23.7385,24.463,23.7977
Q22436,25.882,24.0317,24.7601,24.7162,23.5038,23.8169,24.2946,24.394
Q22436,21.2595,21.2381,21.3428,21.4025,24.328,22.7846,22.8289,23.6756
Q22436,21.5534,21.5684,20.6774,21.568,26.6745,23.7592,24.5341,22.9455
Q22436,24.3207,23.6138,23.4794,24.52,26.5867,25.3594,24.1334,24.4442
Q22436,20.9573,19.8467,20.3323,21.4645,21.8753,21.7753,21.441,21.8513
Q22436,21.2263,20.2627,20.3315,21.2356,24.5242,24.4046,26.9261,24.8643
Q22494,22.0989,21.8692,22.8588,21.8961,22.3712,21.8562,25.997,24.4269
Q22494,21.918,20.4809,21.033,21.1295,20.921,20.017,20.3781,20.0582
Q22527,26.8032,24.4413,25.5017,26.5135,24.9248,24.5857,24.2762,23.763
Q22588,21.3451,21.4765,21.0622,21.8912,21.792,19.7261,21.1291,21.3167
Q22620,21.6984,22.7718,23.6585,23.0456,25.6002,23.3381,24.4092,23.2492
Q22625,24.2456,24.4996,24.1027,24.5338,26.8704,24.5484,25.7937,25.3502
Q22629,23.78,23.0304,22.4294,22.7079,21.6629,20.5703,21.08,21.2821
Q22629,21.3955,20.9793,21.193,20.9261,21.4716,21.2122,19.9083,20.8334
Q22631,21.7639,20.6874,20.8254,20.8392,21.3951,21.205,20.7679,21.2742
Q22631,21.4812,21.7321,20.8394,21.5913,21.9704,20.922,21.1201,20.4165
Q22638,25.912,23.9595,22.445,23.3386,24.1881,23.1691,21.9502,23.5087
Q22640,21.3119,21.0417,21.5363,21.484,23.8472,23.5396,22.0495,22.8244
Q22666,20.8928,21.5835,20.3457,21.7762,21.2954,20.4841,21.1088,21.1574
Q22666,21.6563,21.219,19.8495,20.9345,21.2866,20.9456,21.2391,20.174
Q7JLZ9,22.9132,23.5062,23.7105,23.0634,22.6967,21.2677,20.2905,19.571
Q7JLZ9,23.2833,24.1885,24.0044,24.0079,23.798,24.7059,23.4137,23.3909
Q7JLZ9,24.6726,24.6088,24.4916,25.1985,21.3483,21.2659,20.8946,21.2195
Q7JLZ9,24.4775,24.1806,23.7011,24.5408,25.0492,24.8119,23.2889,23.1244
Q7JLZ9,22.9144,23.2237,23.2658,23.4786,21.315,20.8469,20.4085,21.3295
Q22751,23.7581,23.5936,22.8522,21.9862,24.1745,21.7659,22.089,22.1035
Q22751,27.8952,27.9799,27.8044,28.5253,25.889,23.7101,24.5814,22.7917
Q22799,26.072,25.473,25.1427,26.349,24.2871,24.3762,26.2229,25.1319
Q22824,21.9112,21.8088,22.1281,22.2577,21.0786,20.15,21.3345,20.3101
Q22824,24.6617,24.159,23.5214,24.5218,25.559,24.6041,24.3345,25.2088
Q22850,21.1792,20.7682,19.6568,18.9819,22.6845,23.0374,23.8664,23.2129
Q22918,23.2141,22.9728,21.3565,23.0653,21.7239,20.4654,20.7783,21.3897
Q22938,24.9699,25.3451,26.9762,26.3874,20.0016,20.8447,20.9022,20.0772
Q22947,28.591,29.0661,28.7468,29.7231,30.3977,27.6095,27.0232,28.0156
Q22947,24.5816,26.1812,26.3377,26.8177,28.2544,26.7158,25.7842,26.1424
Q23012,23.8214,24.8022,23.1648,24.9755,23.8462,23.7595,21.5748,22.819
Q23030,21.6389,20.8049,20.7809,21.2606,22.6096,22.0283,23.2716,22.9452
Q23050,23.5019,24.5052,23.6505,23.4328,23.8324,22.5538,22.8305,22.397
Q23050,21.7477,21.7115,20.7372,21.3817,19.5233,20.9787,20.915,20.1094
Q23050,23.8627,23.3656,23.6631,23.741,24.1624,20.9133,22.8781,20.7511
Q23050,27.1674,26.5614,25.9095,26.8251,23.8029,24.2441,25.391,24.4108
Q23050,22.9968,23.0877,23.8294,24.0372,21.9175,20.9258,20.9017,21.0641
Q23050,23.4992,23.6469,22.1958,22.3976,22.3534,20.8776,21.3836,21.4748
Q23050,21.0787,21.6508,20.4243,21.8159,20.2313,20.4674,20.4243,21.0805
Q23050,25.6922,26.0207,23.4455,24.3947,26.8134,24.0148,26.4044,26.6263
Q23050,27.3761,24.0599,24.1124,24.8056,28.2928,26.7694,26.3326,26.9965
Q23050,25.0204,24.1525,25.9017,26.2162,25.4146,24.5915,24.3751,24.9483
Q23050,25.0654,24.9856,23.2838,24.2124,24.8552,23.3545,21.9274,23.396
Q23050,22.8095,22.3202,21.433,22.4034,21.3319,20.3966,21.3788,20.9324
Q23050,20.8396,21.6229,19.408,21.5084,25.7185,22.386,23.3185,23.2398
Q23087,19.9729,20.4209,21.2807,21.2568,22.9814,23.6208,25.452,22.0583
Q23120,21.0588,21.1284,21.2796,20.7179,21.625,21.5339,19.772,21.2838
Q23121,21.306,21.705,21.2645,20.7527,21.5599,19.7638,21.0624,20.316
Q23130,22.9408,22.6513,23.6459,23.5068,21.2009,20.2602,21.28,20.1253
Q2XN04,21.7744,21.1121,21.0272,21.8575,26.2737,24.3452,24.6855,24.576
Q23158,21.0267,20.6335,21.488,21.5968,20.6807,21.04,20.9808,21.3558
Q23166,20.3209,21.6172,21.5017,21.9192,24.5557,24.3203,26.175,24.5861
Q23186,20.4275,20.9718,20.2864,20.3288,24.3628,23.7534,22.7371,26.9531
Q23190,22.9325,24.4955,21.7142,23.2845,23.3994,21.5757,19.5422,20.7592
Q23191,24.5172,22.3647,21.2915,23.5507,23.9385,22.7225,22.3748,22.2055
Q23191,23.5471,21.7134,23.4112,23.5858,24.6679,24.5157,23.0924,24.0372
Q23191,23.9998,22.7192,22.5502,23.5351,21.7082,21.0425,21.2927,21.3512
Q23203,21.1487,19.8537,21.4442,21.9151,21.535,20.6444,21.2838,21.4007
Q23237,20.9609,21.5598,20.175,20.8023,23.1153,22.9401,21.8256,22.7711
Q23237,26.4893,25.4685,25.5954,25.7849,26.8369,24.4822,24.5194,24.1322
Q23280,21.9603,20.4163,20.4987,21.6685,22.7778,22.2366,22.0622,22.9177
Q23280,21.9005,20.1457,21.533,20.5123,20.8861,20.2215,21.2123,20.6268
Q23312,25.9799,24.1717,23.992,24.2107,27.587,25.8883,25.6223,25.8788
Q23312,24.7906,24.1685,24.2327,24.1658,25.5233,20.8366,23.3162,23.2786
Q23312,25.7371,25.0555,24.747,26.5503,28.4873,27.9093,28.2061,27.9562
Q23312,26.1563,27.6794,27.0115,27.7647,27.1982,26.8306,24.8611,25.0531
Q23312,24.1457,24.3515,25.5246,25.3169,23.9944,24.4142,26.2414,25.993
Q23312,21.571,21.1159,21.3181,21.7679,23.8329,22.1206,23.4861,22.9215
Q23330,20.8027,21.7229,20.1548,21.5893,21.4348,20.6035,21.139,20.9613
Q23398,20.776,20.209,20.6998,20.9269,21.9634,20.7623,21.0503,20.8103
Q23424,26.4447,28.0114,26.0942,26.3885,27.3582,24.7611,27.0347,26.9154
Q23424,21.0464,21.0902,20.8122,21.6438,20.5752,19.4766,20.6251,21.0138
Q23449,21.3943,21.5943,20.5931,20.956,23.2613,23.013,21.0716,24.3208
Q23449,21.21,21.2848,21.3826,21.4861,21.1995,21.0251,20.3822,21.0218
Q23451,26.939,26.7669,26.1161,26.6066,25.171,23.6988,22.6305,24.1269
Q23451,26.5256,25.8356,26.8203,27.2418,22.1296,23.6416,21.5629,24.1756
Q23451,31.5984,30.7113,30.255,30.7032,30.2509,27.1079,24.5773,28.711
Q23451,23.9046,24.5094,23.9712,23.1004,21.5405,21.1147,20.9234,21.1837
Q23451,21.9142,21.557,19.7995,21.3558,19.8812,20.4336,20.5209,20.2149
Q23500,20.8357,21.5275,20.9355,21.6929,24.46,23.7359,21.8353,22.5534
Q23593,26.8619,25.8597,26.0885,26.2566,26.9279,24.7236,24.8196,25.9157
Q23593,24.1938,24.2915,24.7582,24.6213,20.8454,19.9259,20.0513,20.9739
Q23593,23.165,24.1433,23.9876,24.5935,22.7901,22.7821,20.9535,22.0462
Q23593,20.2252,21.7232,20.6638,20.6629,21.5229,21.0882,20.9946,21.3606
Q23593,23.3851,24.7447,22.9493,23.6659,22.0913,20.8209,22.6135,22.3878
Q23594,21.6601,21.8733,22.3278,21.8801,24.9439,22.2055,21.7926,22.7222
Q23594,25.3042,25.5558,25.9322,26.3661,26.4498,24.4256,24.6827,25.649
Q23600,24.9857,23.6631,23.8549,23.4146,21.4381,20.8851,21.376,21.2437
Q23647,21.8961,21.7793,20.7564,20.9137,21.2503,20.6317,21.0722,20.9758
Q23655,23.7393,24.6483,23.8735,25.0865,23.933,23.0203,21.4374,23.221
Q23655,26.6376,25.7771,26.4494,26.8255,24.6097,23.2371,23.6054,21.8745
Q23655,24.625,23.1741,23.0296,23.1723,21.8292,21.0818,20.6508,21.118
Q23655,20.7711,21.6432,21.2327,21.0941,21.2921,21.1723,20.5411,20.1397
Q23672,20.4479,20.6535,20.4916,21.1279,20.8219,19.782,20.7241,19.982
Q23672,21.4485,21.3699,20.5457,19.8824,20.9947,21.1714,21.3383,20.6751
Q23680,21.623,19.7206,20.3329,21.6648,21.9648,21.2527,20.1868,20.854
Q23680,20.77,21.2402,21.4053,21.4768,21.7238,20.8663,19.6407,21.417
Q23680,25.4914,26.5367,25.9811,26.1243,24.9262,24.1691,24.7264,25.1092
Q23680,26.1561,25.6886,25.1091,26.8363,26.3584,23.2511,22.2264,24.8603
Q27245,21.0956,20.1225,20.593,21.2296,21.2412,20.9248,21.2029,21.0545
Q27274,23.3278,23.0106,24.4831,24.195,21.4846,20.2986,21.1649,21.1357
Q27274,24.171,23.604,23.6922,23.7565,23.6168,20.7622,22.4035,21.9606
Q27371,20.0752,20.851,21.5174,21.3864,21.49,20.7293,20.7196,21.0991
Q27371,21.02,21.595,21.1046,21.0952,21.6031,21.0392,20.0563,20.467
Q27371,21.0548,20.7486,21.3457,21.21,22.437,22.4303,25.1113,22.589
Q27371,24.2869,23.434,22.5855,23.5657,21.7336,20.7719,20.4529,20.6454
Q27371,20.5483,21.16,21.136,21.7758,25.0401,24.666,25.2689,24.9341
Q27371,21.573,21.5472,21.2958,21.374,24.2197,24.1844,24.7541,24.3886
Q27371,22.6732,23.3127,22.3926,23.0877,24.4278,23.5726,26.8697,24.983
Q27371,22.6471,24.6348,24.9163,25.397,23.1931,23.1857,23.6143,25.3027
Q27371,21.2762,19.5332,20.644,20.7535,21.9623,19.6972,20.9748,21.1793
Q27371,24.5315,23.9783,24.1106,23.8791,25.3565,22.636,20.8001,22.3237
Q27371,21.4568,20.3218,21.4298,21.6897,21.9408,21.2543,21.3764,21.3514
Q27371,21.9227,20.3964,21.0539,21.3097,23.3902,22.766,25.569,23.8283
Q27371,25.8933,26.0494,25.2378,26.4928,27.9101,22.4397,24.644,25.0658
Q27371,24.0657,22.7989,21.2463,22.6342,22.8586,21.1786,21.5667,24.4392
Q27389,25.5281,24.4555,24.6527,24.4961,27.2084,25.953,26.0572,25.7944
Q27389,22.8825,20.7687,20.4678,22.3886,21.471,20.8193,21.1097,20.9223
Q27389,21.9398,20.2328,21.1364,20.4713,26.88,24.2207,23.8764,23.6742
Q27389,21.7825,21.3719,21.9678,22.0353,23.3773,25.1964,24.4874,23.6463
Q27488,20.8997,21.0362,20.4795,21.8579,21.86,19.5337,20.8086,21.2739
Q27488,24.7695,25.0905,21.3342,24.2269,25.8515,26.453,25.7237,25.337
Q27493,20.7328,19.6259,21.0357,21.4008,23.5483,25.6845,23.9133,24.7001
Q27511,22.8841,22.0988,20.0336,20.8827,23.4587,23.2464,23.8502,22.6024
Q27511,25.5815,27.0562,24.2502,26.0211,26.36,27.3202,27.6225,27.3703
Q27527,26.2381,24.8633,23.8963,25.2908,25.0636,22.0695,22.1348,20.3548
Q27527,26.0276,25.2886,24.6725,24.113,25.8923,24.2364,24.6854,24.5226
Q27527,26.3401,26.9966,28.0309,28.5048,28.5634,24.4201,26.361,24.6733
Q27527,21.3403,20.0199,20.2524,20.4529,21.419,20.3946,21.3547,21.3794
Q27531,27.0226,26.7252,28.0462,28.3625,21.2192,21.2428,21.2027,20.426
Q27531,26.1355,25.8273,24.7298,26.0992,21.6442,20.4872,20.6054,20.9868
Q27531,27.5332,27.155,25.8187,26.158,21.4943,20.5589,20.8623,20.8201
Q27531,26.0182,23.9377,25.2099,27.7017,21.6814,21.2202,21.3858,21.1496
Q27531,24.4176,24.0782,22.702,23.2035,21.5816,19.883,21.2199,20.6935
Q27531,24.8308,24.5097,24.7492,26.0217,20.5753,21.0831,20.5577,21.4139
Q27535,21.8572,21.1573,21.5132,21.8437,21.7712,21.0906,21.0512,21.3497
Q27874,20.2624,21.6643,19.4484,21.7593,24.2806,23.1013,23.547,23.5806
Q27874,21.6523,21.215,21.0991,20.7483,21.3581,20.9739,19.7521,20.0068
Q27GU2,21.3833,20.2143,21.2908,21.1874,21.1792,21.0744,20.492,20.2076
Q2EEN5,21.9671,21.2303,20.402,20.9014,25.6964,26.4073,25.5607,26.7228
Q2EEN5,22.8797,23.2337,22.6867,21.719,25.3134,22.4345,24.1138,22.7274
Q2HQL4,22.6717,20.9257,21.2107,22.3932,21.7686,20.7384,20.5366,20.1155
Q2L6X2,21.2455,21.3121,20.8137,21.7163,21.0794,20.8884,20.1907,21.0601
Q2L6X2,21.5085,21.5497,20.5489,21.3276,21.7422,21.2531,21.3034,21.3344
Q2XN01,25.6199,26.0143,25.9772,26.2847,26.4771,23.786,24.2159,24.5802
Q2XN01,26.6826,26.2633,25.8532,26.764,25.5044,23.2894,24.7461,23.9379
Q2XN01,25.8241,26.3815,26.8412,25.3334,21.6161,20.4633,21.3682,21.2691
Q304E5,27.935,27.5031,26.1191,27.5255,27.6766,26.3998,25.0288,26.2152
Q3LFN1,20.4113,21.2091,21.3153,20.5753,26.0418,25.6117,23.8038,25.0354
Q3LFN1,19.2194,20.9336,21.2183,21.5355,21.9717,20.9463,21.3906,21.1766
Q3V5H6,21.2948,21.161,22.4258,22.3914,26.0013,25.2515,26.5456,26.4338
Q3Y3Z9,26.3935,24.3073,23.7104,23.2119,26.0253,24.0284,22.7851,26.103
Q4JFH6,21.232,21.235,20.1563,21.5801,20.1512,21.1037,21.2737,20.2591
Q4R132,21.5567,21.2349,21.2663,21.5258,22.8386,23.2516,22.4824,23.5897
Q4TTB6,23.9157,22.7581,22.8259,22.9918,24.3202,23.7977,23.8548,23.2342
Q8MXD9,21.514,20.7486,20.8176,21.0375,21.8582,21.255,20.6191,21.2908
Q564S3,25.0998,26.1555,25.1058,25.7684,26.9785,25.067,25.0081,25.749
Q564S3,24.0427,23.4175,24.5331,25.4134,25.1302,23.8058,24.2596,24.7801
Q564X1,26.5898,25.8032,25.7471,26.4832,25.5698,23.5563,23.2389,22.6468
Q564Y0,21.6315,21.6126,21.0828,20.215,21.2205,20.9388,19.8696,20.5113
Q564Y2,24.3642,24.7067,24.4722,24.7467,24.3573,23.8675,22.9437,24.3861
Q564Y2,24.6009,23.8207,23.6152,25.6522,21.4421,19.6397,20.9707,21.0287
Q564Y2,26.0384,23.8207,23.6206,24.2768,21.782,21.135,20.2455,20.8093
Q95X71,21.1575,20.9759,21.3447,20.6743,20.7051,20.7956,20.9223,20.6873
Q95X71,20.6002,20.9099,20.611,21.1248,21.7856,21.3705,21.5311,19.9276
Q5GMH8,20.2571,20.9299,21.3458,21.3214,21.8166,20.8972,20.8003,20.2094
Q5W7A3,20.7882,21.2099,20.9549,21.7008,21.0171,20.8899,20.9833,20.7154
Q5WRT8,21.3987,20.5984,20.6481,21.7603,23.014,21.8757,22.0753,23.3358
Q5WRT8,20.6855,21.637,21.4205,21.6224,21.8222,20.8863,20.8386,21.2994
Q5WRT8,21.3306,21.6923,20.4188,21.6565,20.6788,20.714,20.8787,20.2425
Q5WRT8,20.1042,21.1882,21.2767,21.7006,19.6181,21.2011,20.7019,21.1964
Q65CM5,20.793,21.3419,20.8319,20.8272,24.4059,23.5648,22.9868,22.6107
Q65XX2,22.8051,21.4696,23.4805,23.1379,23.4594,22.6312,23.7382,24.2033
Q6DNF7,25.007,23.3626,22.2291,23.884,24.8702,24.2204,25.6558,23.2992
Q71UE4,21.7502,21.6864,20.2878,21.6936,21.9261,21.2468,20.8545,20.368
Q7JMQ6,25.3547,26.0758,26.7052,26.3769,23.8775,23.982,25.3769,25.1804
Q7JMQ6,24.1944,22.4784,22.6347,22.3934,25.9228,22.5894,22.1838,22.8733
Q7JMS5,20.6694,24.3946,23.69,23.4542,21.3018,20.3545,20.7365,21.2883
Q7JMS5,20.731,21.735,21.3524,21.512,21.4039,20.3543,21.2288,20.6472
Q7JNM2,21.6999,20.8592,20.5889,21.9072,21.7672,20.5413,21.3637,20.3427
Q7K6X4,21.6125,20.8187,21.3637,21.8316,22.4883,20.4096,21.5157,20.933
Q7KPV8,24.0573,24.6814,22.7451,23.2882,21.9616,22.4692,22.7788,22.9704
Q7YTN9,28.4168,27.8514,26.1367,28.8122,21.1613,20.9961,20.2734,19.8791
Q7YWU6,22.2416,22.4377,20.9578,23.2077,21.5446,21.0464,21.3635,20.2237
Q7YWV0,21.6158,25.3263,23.9696,21.93,26.1059,26.7992,26.2882,26.5595
Q7YWW4,21.2164,21.2245,20.7333,21.9064,21.9389,21.2383,21.1639,20.5246
Q7YX48,21.3332,21.1439,21.5326,20.663,21.7157,21.0916,21.388,21.096
Q7YZW5,25.2405,24.537,24.0376,24.0081,25.1742,23.5357,26.1028,24.5791
Q7Z072,19.2088,20.8218,20.442,21.8107,23.1979,25.4595,24.6601,25.4383
Q7Z072,21.6441,20.3762,20.862,21.7576,21.3923,19.8061,20.8653,21.0211
Q7Z072,24.4417,24.051,24.6489,25.5543,26.1122,24.252,25.0865,23.5463
Q7Z072,25.6013,24.5145,23.4876,25.2348,25.7743,26.3412,24.7867,26.7578
Q7Z072,20.7102,21.3551,21.0246,21.635,21.9609,20.6241,20.8222,21.3767
Q7Z072,20.3373,20.3891,19.1224,21.7519,25.0618,23.7387,25.976,24.589
Q7Z072,21.619,20.7585,21.1056,20.7931,21.8202,20.6355,21.2567,20.9556
Q7Z138,20.756,21.6707,21.2189,21.7187,26.2631,24.1448,26.0075,22.3103
Q86DA7,21.148,21.1021,20.1782,21.5235,21.208,21.206,20.2238,21.3264
Q86DD5,24.8832,24.5362,24.2373,24.7152,24.3818,25.4676,23.5602,24.1409
Q86DD5,21.2011,20.4278,20.6162,20.6623,21.9699,21.0683,20.7537,20.6448
Q86FL7,27.6826,27.3454,26.4091,27.4595,26.8271,25.6172,24.6394,23.93
Q86NC1,21.2268,21.5325,21.0474,21.3227,21.4256,20.8506,20.1517,21.3927
Q86NC1,21.0491,21.3357,20.6338,20.5581,25.7009,22.7594,23.84,23.5937
Q86NE4,23.9868,25.008,22.9498,24.6869,23.3692,21.5174,21.0805,22.5093
Q86NH9,19.7366,21.2312,19.8107,21.2463,21.3677,20.9137,19.6176,21.2678
Q86S66,21.3406,21.671,20.7097,21.4521,21.2582,21.2474,21.0707,20.8497
Q86S66,23.3851,23.8496,23.3722,24.4287,25.6478,24.1986,23.8307,24.6429
Q86S66,20.7761,20.2868,20.1651,21.7624,21.3214,19.9877,21.1427,19.8981
Q86S66,21.3861,20.4958,20.7292,21.6313,23.3983,22.0952,23.3123,23.9468
Q86S66,21.0982,21.7174,19.4761,21.391,21.2657,20.0472,21.2783,21.1798
Q86S66,23.2748,24.8059,24.6173,23.3387,24.6138,24.2274,24.7508,23.3415
Q86S66,20.0233,23.2184,23.7772,26.3101,27.4066,25.8997,26.1923,25.9802
Q86S66,25.7324,25.1036,24.5334,26.4755,21.4372,20.0347,20.1827,21.3927
Q8I4C0,29.6742,29.0257,28.1578,28.4322,29.924,28.0456,28.1084,27.4552
Q8I4E4,26.5227,25.6346,25.3102,26.1152,27.6419,25.6081,25.8267,25.8366
Q8I4J8,21.5773,21.6734,20.1532,21.7879,25.3696,23.5982,23.9075,24.7623
Q8I4J8,21.7497,21.7387,20.4115,21.7828,25.3696,23.6047,21.1554,24.3827
Q8I4M5,21.7145,20.9744,19.2744,21.7144,20.713,21.0663,20.1921,20.8759
Q8I711,21.2079,21.3309,21.0835,21.441,21.7074,21.1278,19.6519,20.6028
Q8I711,24.4887,24.548,24.4797,24.6934,24.0969,23.312,23.2475,22.9831
Q8I7G0,21.7937,19.9433,20.6666,19.7271,21.8172,22.3323,20.789,21.6181
Q8I7K2,21.7562,20.4152,21.2239,21.3744,21.8494,20.9376,20.0871,21.1274
Q8I7K2,20.4318,21.2066,21.3378,21.7607,21.863,21.1475,21.1081,20.7804
Q8I7K2,20.7812,21.4977,21.1499,21.4586,20.9877,19.7649,21.1177,21.3383
Q8IG31,25.7236,21.835,24.5388,25.6332,25.107,25.948,25.2452,23.9067
Q8IG31,26.026,26.0844,23.6555,24.2706,24.2507,23.2962,25.0115,24.5772
Q8IG31,23.6798,23.7658,22.7438,23.6461,21.9636,20.6124,20.9556,20.8185
Q8IG31,24.025,26.7509,24.4712,24.7013,20.2089,20.0986,20.2128,20.7821
Q8IG31,24.5195,24.6534,24.2245,24.8963,23.8048,23.4436,23.2891,24.8477
Q8IG31,21.7709,21.135,20.2954,21.2888,21.7439,20.3143,20.978,20.47
Q8IG31,29.3336,28.0592,27.1735,29.012,26.2378,25.0792,22.9998,20.285
Q8IG31,21.4567,20.7962,20.9588,21.6679,25.9413,25.968,27.5028,25.4321
Q8IG31,24.8074,21.822,22.1098,22.9697,20.9264,20.2619,21.1596,20.7083
Q8IG69,21.4236,20.3845,20.6452,20.5943,23.5589,23.1356,22.5623,22.5804
Q8MPY2,28.064,26.4082,25.8586,26.5599,27.5744,26.7085,27.7466,26.5243
Q8MQ73,20.5076,21.7414,19.0247,21.172,24.221,22.5275,20.7761,21.4655
Q8MQ73,21.716,20.9649,21.3575,21.8055,21.0195,20.7575,21.3543,21.0823
Q8MQ73,21.2988,21.069,20.557,21.1489,21.9606,21.0199,21.1066,19.9465
Q8MQH0,26.8478,26.5933,26.7415,25.5943,27.0593,22.6879,22.2601,21.9095
Q8MXJ9,24.4031,22.9821,22.877,23.8895,21.5515,19.8789,20.6052,20.7386
Q8MXR6,21.6338,21.7769,21.3242,21.157,21.7443,19.979,21.0292,20.6925
Q8MXS0,20.5845,19.9019,21.1311,21.4402,24.8098,24.6871,24.4507,22.7648
Q8MXS0,22.7736,22.5127,22.6447,23.9506,23.6129,23.8776,23.9643,23.8047
Q8MXS0,23.0181,22.6287,20.8326,22.5397,25.318,22.3162,22.5544,23.2935
Q8MXS0,21.3056,21.7567,20.5182,21.1277,21.3151,20.7304,20.9225,21.1042
Q8MXS0,21.842,20.3835,20.5847,21.7506,24.0561,21.6978,23.8235,21.9481
Q8MXS0,23.5105,23.3826,21.5217,22.8918,21.9603,19.7869,20.5945,21.071
Q8MXS0,23.3602,21.8473,22.1128,21.6993,22.8598,22.9317,21.9925,22.3832
Q965X9,22.9452,24.8027,21.8732,22.3714,21.8039,20.8258,21.0868,20.9538
Q8T3D2,21.6396,21.6962,20.8154,21.3698,21.5954,20.9007,19.2031,20.9536
Q8T3D2,21.3552,21.0135,20.7033,21.9133,20.696,21.0804,21.1763,20.6709
Q8T5S1,21.2894,20.6248,20.5202,21.8971,21.9041,20.9608,21.0034,20.8488
Q8T5S1,21.8728,21.4118,21.2598,21.7808,21.1442,20.5579,20.7356,20.3214
Q8WQA8,34.1904,34.341,33.4905,34.3928,33.9468,33.9457,32.845,33.5875
Q8WQA8,34.0762,34.7625,34.0127,34.9337,25.1753,34.3997,33.29,34.3543
Q8WQA8,27.4711,28.4595,26.3415,27.5356,27.7953,28.5146,27.5762,27.3853
Q8WQA8,22.3527,22.6163,21.9296,23.5416,25.034,21.4561,23.745,23.2588
Q8WQA8,32.2076,31.1562,31.381,31.985,31.9867,30.2908,30.4826,31.3078
Q8WQF7,21.8294,21.1352,21.0006,21.2218,21.1767,21.0873,20.9648,20.4251
Q8WQF7,23.3578,23.5873,22.8103,23.4717,21.0484,21.1002,19.9045,21.1894
Q8WQF7,21.9042,21.6933,21.2672,21.1487,21.149,20.5547,21.2614,20.8325
Q8WQF7,21.8997,20.7443,20.9936,21.3796,23.3335,21.4209,22.2846,21.4805
Q8WQF7,21.4052,20.9163,20.0531,21.103,21.8753,21.176,20.9735,21.1903
Q8WQF7,24.2703,25.0597,24.3837,24.8718,24.3895,22.3675,22.4793,22.5446
Q8WQF7,26.2975,25.2279,25.4244,26.7763,24.9846,24.0339,24.0458,26.6443
Q8WQF7,25.9051,23.9399,24.2146,24.4816,23.0025,22.9204,24.5605,24.69
Q93168,21.525,21.1902,21.205,20.736,21.6207,20.7804,20.6099,20.7472
Q93168,24.9773,25.1513,22.4389,24.9456,24.6472,23.9207,25.338,24.4201
Q93168,24.4314,23.2501,24.0273,24.1408,21.5523,19.7818,19.9908,21.3783
Q93211,25.166,24.7236,24.3369,25.1505,25.7349,25.7872,25.3448,25.1458
Q93211,25.5293,24.986,23.9531,25.1508,25.8178,24.3355,24.0318,25.1581
Q93213,21.7857,21.2478,20.9908,21.1408,21.8684,20.8726,21.1894,21.1512
Q93235,20.6874,21.6908,20.5169,20.292,24.5983,23.2788,23.261,26.2358
Q93244,21.033,20.6312,21.1514,20.804,21.8956,21.1171,20.2515,20.5069
Q93249,25.2383,24.1704,24.6668,25.2277,25.3099,24.6342,25.9524,23.4594
Q93249,23.6587,24.9608,24.638,24.2524,21.6725,20.6785,20.972,20.2023
Q93249,22.6484,23.9378,21.6051,23.2859,22.2554,21.5965,22.1648,21.2221
Q93289,20.823,20.7059,19.7498,21.7254,21.5577,20.9422,20.5312,21.2892
Q93291,21.4944,21.1384,21.5284,19.8273,22.5931,21.1704,22.474,21.0202
Q93315,22.9589,24.1249,21.933,23.5566,24.5608,23.4374,24.3816,23.3013
Q93315,22.2986,23.7492,22.3465,23.217,23.9377,23.143,25.1942,24.9387
Q93321,21.2889,21.6967,20.1156,21.6738,21.7305,21.1084,21.3671,20.9709
Q93333,20.3122,21.2392,21.0875,21.631,20.5901,21.1875,20.3363,21.0823
Q93338,22.9855,23.0036,23.5825,23.9579,21.5511,20.11,20.0384,20.9586
Q93379,21.8193,21.6304,20.9495,20.9496,21.7218,20.986,20.3721,21.1509
Q93413,23.4241,23.5385,24.3086,23.8405,21.3077,20.913,19.7773,20.2144
Q93454,21.6671,21.4798,19.9789,19.9003,21.2579,20.9945,20.0138,21.3394
Q93513,20.0505,21.6222,21.3791,20.7983,21.5285,20.4379,20.3607,20.3987
Q93513,21.7027,21.1119,20.7522,21.2594,20.3796,19.8117,21.1811,21.0838
Q93513,20.8783,21.35,20.273,21.8385,21.4162,19.6946,20.6348,21.2668
Q93513,20.7718,21.4073,21.5226,21.2685,21.8225,20.3536,20.9528,20.6516
Q93535,28.2935,28.6274,28.0746,28.8755,28.0194,24.4024,26.0783,26.7536
Q93553,26.7136,26.6658,25.8339,26.8389,20.8491,21.1697,19.5752,21.0746
Q93572,21.6076,21.2883,21.4574,21.1111,21.8345,20.8664,20.9893,20.1758
Q93572,25.5215,25.7517,25.923,27.0079,21.6072,21.2527,21.1932,21.167
Q93572,21.509,20.7351,20.9733,21.0282,20.5932,20.789,21.142,20.771
Q93572,26.7458,24.827,25.4253,26.5988,25.0519,24.6689,23.2921,24.7852
Q93572,27.8523,26.9456,27.1293,26.8197,27.3399,25.4829,25.5761,26.4481
Q93572,24.7258,25.7463,24.4176,24.0456,24.2172,24.5253,23.3049,24.4272
Q93572,20.8743,21.5159,20.3843,21.1888,20.9741,21.1788,20.4484,21.3927
Q93572,21.6386,20.9411,20.9556,21.8815,21.8445,19.958,20.9058,21.4079
Q93572,21.5849,21.4795,21.2485,20.1531,21.97,20.8982,20.374,21.3184
Q93572,24.4504,25.6242,23.2885,23.6283,24.7518,22.8022,23.8363,24.9321
Q93573,21.1482,21.7764,21.4811,21.6148,20.9328,20.326,19.8252,21.095
Q93573,21.4867,20.7257,21.1436,20.4624,21.4781,20.7364,21.2944,21.3614
Q93573,21.5634,21.7128,19.3616,21.3471,20.9822,20.7922,21.186,20.4609
Q93573,20.9865,20.9511,20.2014,21.6109,21.3186,21.0693,21.0735,20.5108
Q93573,21.3039,21.2556,19.4792,21.4518,24.566,22.4053,22.8878,23.2614
Q93573,25.8773,23.4687,24.1958,24.764,21.786,20.7609,20.7967,20.4133
Q93573,21.7832,21.3668,20.9495,21.8294,21.6235,20.8409,20.6302,21.4181
Q93573,23.9955,23.7959,23.2639,23.2803,24.5799,21.1764,20.8993,22.9684
Q93576,23.7202,22.7501,23.2311,23.1406,26.1302,23.4036,24.1341,23.8233
Q93576,23.1848,24.0202,22.4377,24.6743,25.0561,22.5203,22.5713,22.7673
Q93576,27.6219,28.0842,28.4047,28.8168,27.7308,26.0882,25.8557,25.4711
Q93618,19.6504,21.0694,20.7134,21.3653,21.4163,21.2404,20.1028,20.129
Q93694,25.2562,24.9582,24.8509,25.0804,21.2509,20.9854,21.2504,21.3486
Q93694,24.3307,24.66,24.8636,23.6122,21.3796,20.2273,21.3082,20.8056
Q93694,23.0909,24.2637,23.4415,27.7136,21.9245,20.5716,21.2123,20.87
Q93694,32.6027,31.6061,31.116,31.5789,31.7344,28.3575,29.0278,29.4737
Q93725,23.5303,23.3717,22.2221,22.4,23.5834,22.0481,22.8007,22.6553
Q93725,22.654,24.4726,23.3904,22.039,24.5496,22.8679,23.7159,22.4362
Q93725,29.639,29.2051,28.8815,28.0825,17.8846,20.6198,20.849,21.0713
Q93838,21.4894,21.6139,20.3676,21.3859,19.9949,20.9946,20.1622,21.2114
Q93871,21.5715,21.6165,21.4113,21.5784,20.2245,21.0574,21.1595,20.537
Q93871,26.9823,26.8875,25.9653,26.5605,27.5142,25.8095,26.4211,24.9902
Q93871,21.2087,21.7084,21.3013,20.1145,22.1051,22.0947,24.8311,22.306
Q93892,21.8465,21.7684,21.2355,20.6439,21.6887,20.9235,21.0623,20.4296
Q93896,21.6592,20.8173,21.1225,20.6878,24.9327,21.8096,21.6827,21.9795
Q93896,22.4929,21.2955,22.0938,23.2079,23.8821,22.3883,21.5226,21.5164
Q93896,23.4659,23.7789,23.0839,24.0623,24.8364,25.1747,24.7764,24.5235
Q93896,24.6912,24.1736,24.2592,24.6877,26.6732,24.5954,24.0961,24.8398
Q93896,21.2965,21.7454,21.2128,21.4299,24.3439,24.3865,23.7729,24.472
Q93896,21.1491,19.5964,21.0253,20.9615,21.4342,20.8688,21.0574,20.8861
Q93896,24.0802,24.225,24.6147,24.6124,26.2848,24.9107,25.4762,24.1673
Q93932,24.8335,24.3134,23.3404,23.7929,24.4081,23.1304,23.5406,23.6705
Q93932,21.2563,21.3561,21.0076,21.2525,21.9935,22.0109,20.9516,20.1666
Q93934,21.7965,20.991,20.7756,21.4601,23.8317,21.1439,23.1287,22.001
Q94051,30.0638,29.146,29.1674,29.6135,29.3461,26.3811,27.0771,27.6057
Q94051,22.9786,24.2303,24.0928,24.6543,23.7116,23.7947,23.9987,25.6471
Q94051,26.3146,25.2054,25.4424,26.7949,25.9931,24.6081,23.3715,24.7293
Q94051,24.6027,24.0543,22.524,23.1654,25.1103,24.6578,24.7813,23.819
Q94051,21.8431,20.3486,21.2575,21.5409,25.101,25.7795,24.8099,24.1624
Q94051,21.9488,19.4676,20.424,21.7366,21.7081,20.7524,20.6555,20.603
Q94057,22.0245,20.6796,21.737,21.0443,26.246,23.8026,23.6349,24.2223
Q94148,20.1648,21.3334,19.5718,20.7973,24.2513,22.8126,22.0135,24.0668
Q94216,24.9805,24.5035,23.7537,24.7503,21.4256,20.5625,20.928,21.046
Q94216,25.6996,22.3315,22.5049,23.0368,24.6226,23.2435,23.9422,22.8098
Q94216,22.9675,22.216,21.6959,22.3509,24.4713,23.4499,22.9451,24.5203
Q94230,24.2245,23.8003,24.4654,24.0348,24.2071,21.9584,22.8293,24.1627
Q94230,21.8732,21.5515,21.5151,20.818,21.9435,21.1422,20.7833,20.1514
Q94230,21.0291,20.5446,20.0711,21.2099,24.9755,22.1704,22.7413,23.4241
Q94230,24.0014,24.9287,24.3948,24.9145,23.4275,22.8823,22.533,22.7376
Q94272,21.135,20.763,19.9547,21.7916,21.449,21.0969,20.5664,21.1541
Q94300,24.9948,25.4241,25.9575,24.742,23.7482,24.5618,24.2787,23.9576
Q95005,21.7828,21.0402,21.3729,20.9206,21.8797,20.945,21.227,20.5784
Q95008,21.5956,21.2569,21.3755,21.9159,21.8775,20.5892,20.9362,21.2608
Q95008,22.8753,22.6537,28.3058,28.7273,21.9522,20.6326,20.0896,20.8796
Q95017,20.226,21.5772,20.8592,21.7028,19.7733,21.1465,21.1682,21.164
Q95PZ7,20.252,20.9602,21.5126,21.8503,24.9612,25.7897,24.0953,24.7909
Q95PZ7,22.078,21.8973,22.4288,22.5096,23.4221,23.6021,23.0467,24.1706
Q95Q18,21.8008,21.0623,21.4317,21.8134,21.8548,20.9126,20.3206,20.5754
Q95Q18,21.4716,21.2337,21.4798,21.4089,21.8889,21.2699,20.9549,20.8986
Q95Q93,25.4455,25.3031,25.2544,25.0847,25.0533,23.7901,25.1438,23.2683
Q95Q93,24.56,22.8926,22.1216,22.0754,21.7275,20.9618,21.3708,20.8186
Q95Q93,22.5024,23.3936,21.757,22.5159,20.5553,21.0773,21.0066,20.8367
Q95QA6,24.17,23.7149,23.596,24.7787,22.9389,20.3953,23.0779,22.6609
Q95QA6,25.2451,23.7598,22.2174,23.9838,21.761,20.7298,21.1255,20.3384
Q95QA6,23.5282,22.5279,22.2419,22.1721,21.8264,21.0625,20.8247,20.9755
Q95QA6,24.7535,23.7606,23.7424,25.1274,23.3273,24.2218,23.2401,23.4677
Q95QA6,24.1544,22.9143,22.9783,24.8974,21.5302,21.0621,21.0436,20.677
Q95QA6,20.4039,20.6804,20.8107,20.5962,21.9435,20.2826,20.2713,20.0515
Q95QA6,22.5937,25.0439,23.0781,24.1235,20.7936,20.3571,20.9743,21.3439
Q95QA6,24.2489,23.3168,22.7045,24.172,21.948,20.932,21.1953,20.4858
Q95QA6,20.4265,20.7883,20.8116,19.8983,25.1913,22.4668,23.3298,22.8665
Q95QA6,24.455,24.3647,25.7776,25.2199,21.7774,20.9448,21.321,21.3058
Q95QC9,20.9323,20.6747,20.3751,20.9403,21.359,20.5619,21.3796,20.3744
Q95QD1,20.7137,21.1995,21.0671,20.5182,21.2211,21.1984,21.3466,20.5398
Q95QF1,20.7432,21.3472,21.48,20.2622,24.3366,23.6822,23.9672,24.0022
Q95QF1,21.0193,20.8401,20.9692,20.9359,26.7019,24.1612,22.517,24.3801
Q95QF1,25.1788,26.4374,25.0595,26.6233,28.4626,27.8481,27.362,27.4021
Q95QL0,21.6327,20.6662,21.2851,21.5611,21.84,21.2501,21.1579,21.2327
Q95QN5,21.6731,21.6396,20.2492,19.7935,21.5202,20.8968,21.3719,20.6464
Q95QN6,28.0002,27.7545,27.6553,27.3203,27.4143,28.6373,27.6974,28.4472
Q95QN6,30.7366,30.2172,28.3179,30.0421,30.0746,29.2091,29.5888,28.162
Q95QN6,30.656,29.1851,29.0119,30.6654,29.6407,28.3009,27.8236,29.3947
Q95QN6,26.1205,24.9294,24.2599,25.774,26.9388,26.2761,26.3178,27.0121
Q95QN6,25.8293,23.8307,24.3471,24.9655,24.5872,23.9428,24.0853,25.3851
Q95QN6,30.8545,31.0166,30.8253,30.7884,32.3131,31.1873,22.1178,30.8326
Q95X11,23.003,21.1205,21.4411,23.6676,21.1525,21.0014,21.3665,21.0758
Q95X44,25.0424,25.1825,24.0944,24.5081,26.396,24.9846,25.0596,24.9247
Q95X44,21.3883,21.1165,20.6529,21.7424,24.275,23.2968,20.6172,23.2358
Q95X44,22.621,23.1121,23.1972,23.9203,24.1915,25.9124,23.9893,23.6384
Q95XC1,24.4107,26.1874,26.9097,24.9231,26.5604,26.1678,24.7141,27.3932
Q95XH1,25.7039,24.5532,24.8977,25.918,25.4888,24.1162,25.9649,23.2237
Q95XN2,21.1815,19.8206,21.303,21.8051,21.7077,21.1623,20.9692,20.8546
Q95XN7,20.7225,20.7841,19.6524,20.3354,21.8333,20.3261,19.8106,20.3829
Q95XN7,20.6876,20.5432,21.481,21.1541,22.9823,23.3346,24.4897,24.7639
Q95XR1,22.0257,22.3766,22.2634,22.2767,22.3688,19.3721,20.7201,19.783
Q95XR1,23.4701,22.4767,22.3293,22.721,19.556,20.9781,19.4597,20.8226
Q95XR1,22.8777,22.6669,23.3287,24.5227,21.4224,20.9527,21.2482,20.9666
Q95XR4,24.8233,24.7606,25.3215,25.4225,25.7509,25.2665,22.1556,23.4848
Q95XU3,20.193,21.4211,20.8859,21.8859,25.5501,23.4212,24.6943,25.1884
Q95XU3,21.3526,20.8401,21.1042,20.6214,26.9278,24.7143,22.3208,25.0556
Q95XU3,26.797,26.7334,25.6436,27.545,27.6397,24.9755,24.9619,25.023
Q95XU3,22.6644,23.2886,24.3652,23.3592,22.8754,22.6316,21.7923,22.9029
Q95XU3,23.2659,23.1594,22.6048,24.0161,21.1581,20.9887,21.3273,21.0067
Q95XU3,26.7137,25.4239,24.4724,27.1429,25.8143,22.9745,23.9029,24.4676
Q95XU6,21.8169,19.7687,20.4069,20.8489,21.9535,20.361,21.0706,21.2307
Q95XV3,21.3398,21.5216,20.5702,21.5501,21.589,20.488,19.8977,20.8717
Q95XX0,25.4742,25.2094,24.1928,25.6802,27.9652,27.5934,27.4767,27.2831
Q95XX0,27.5933,28.5028,27.9284,29.3778,29.0423,28.8401,28.2993,28.9702
Q95XX0,27.1509,27.0604,26.2202,27.6121,30.0175,29.5892,29.4891,29.6174
Q95XX0,28.9535,26.5602,28.1066,29.3163,29.1199,27.5854,28.0086,27.1893
Q95XX0,21.7697,20.8126,21.3737,21.7697,21.6658,20.8457,20.9288,20.1313
Q95XX0,20.1902,21.4555,20.4905,20.6738,25.6102,23.9789,24.0968,23.8311
Q95XX0,20.0628,21.0761,20.6991,21.7749,24.782,23.9094,23.9472,23.1663
Q95Y04,23.5505,22.7996,22.614,24.186,22.2779,20.2721,20.269,21.2304
U4PC73,23.7796,24.3068,22.229,23.8594,21.8277,20.4309,21.2511,21.1636
Q95Y68,21.9555,20.315,19.8415,20.6793,21.1599,20.107,20.7856,20.4309
Q95Y72,21.8839,21.6953,20.9704,20.0614,21.0806,20.7914,19.952,20.9902
Q95Y88,23.6764,23.2054,22.0821,23.3511,23.3484,20.9506,23.5172,22.9372
Q95Y90,23.7982,23.0981,22.9587,23.6546,23.9812,22.0595,22.0352,23.2545
Q95Y90,21.0681,21.061,21.439,21.0421,25.7722,25.4117,27.5995,25.9292
Q95Y90,27.7743,28.2227,26.2175,28.7174,28.0345,28.3524,26.7023,26.7031
Q95Y90,22.6028,21.7729,21.4953,21.6417,23.8521,22.6967,20.18,21.6822
Q95Y97,25.892,25.503,26.5839,25.6289,25.9877,24.1238,24.7014,24.1857
Q95YC6,20.8962,21.7007,19.0967,20.9716,20.8536,20.4272,21.2933,20.9533
Q95YD1,21.3471,21.0559,20.6996,20.6951,21.0712,21.1134,20.515,21.4131
Q95YD9,25.3942,24.1884,24.7444,24.9616,23.6295,22.5541,23.2907,22.8878
Q95YF3,22.1857,23.2769,22.2905,23.2772,21.6815,20.9949,20.0226,21.3908
Q95YF3,21.2853,23.0362,22.2875,22.1241,24.2016,23.9139,23.75,23.041
Q95YF3,24.3174,22.0594,22.3798,23.2074,20.4306,21.173,21.2944,21.1891
Q95YF3,21.2644,20.3596,21.1638,20.7563,21.358,20.9783,20.4077,21.2154
Q95ZI6,24.1849,24.2123,22.3417,22.6495,23.535,22.1774,23.3547,22.5648
Q95ZJ9,23.747,23.5268,23.7928,23.7701,25.297,25.7791,25.6353,25.0891
Q95ZL1,26.5845,26.157,26.1541,26.7557,26.5562,26.5539,25.3271,24.7089
Q95ZL1,24.4718,23.1269,23.611,23.7651,24.9287,24.9208,24.9761,23.564
Q95ZW1,21.8279,21.6145,21.3584,21.4545,20.9051,19.8493,20.1686,20.5858
Q95ZW2,27.5746,27.4524,26.0343,26.3276,22.3121,21.7574,21.1492,21.4692
Q960A1,25.2412,23.7385,23.3835,24.1427,20.281,20.8543,20.6274,21.4064
Q965K0,24.9856,23.8473,25.0083,24.8514,25.1266,24.6689,24.2174,25.3248
Q965K0,21.9722,21.7589,21.2048,23.2111,24.6958,24.8324,25.1469,24.0505
Q965Q1,23.0139,22.9716,23.2039,22.5464,21.3705,19.6507,21.2885,21.0599
Q965Q1,20.6089,21.5879,20.6092,20.6083,20.9787,19.8825,20.2406,21.3645
Q965R9,26.5687,26.5968,25.7351,26.1329,25.75,24.8699,26.353,25.6833
Q965R9,21.3961,21.6832,21.4377,21.5074,21.5979,21.1907,20.9549,20.7585
Q965S8,23.0107,21.1641,23.4774,23.1447,24.6582,25.3693,24.9492,24.2347
Q965S8,20.7563,20.8558,21.3566,21.5394,24.7734,24.124,25.7828,24.9615
Q965V4,21.7685,20.6738,20.5676,20.0756,21.7912,20.1808,21.3553,20.8545
Q965V9,26.9619,27.0896,25.6647,27.3955,27.6332,25.1113,25.5021,25.9867
Q965W8,21.7436,20.7614,20.6834,20.7727,21.0525,20.6599,20.2288,20.8513
Q965X7,21.2934,21.2999,21.0075,21.4522,19.6001,20.5183,21.3361,20.7091
Q966A5,19.2926,21.7443,20.3323,23.1974,21.9506,20.8535,20.1612,20.1731
Q966A5,23.8565,23.8367,23.6475,24.2621,20.6197,21.0657,21.1181,21.1557
Q966A5,21.5474,21.5469,21.4248,21.7048,21.9448,21.1386,19.6865,20.9747
Q966A5,26.2854,25.8203,25.0816,26.5373,24.6598,22.587,23.6861,23.5772
Q966C6,21.8797,21.5948,20.5414,21.8302,23.9499,25.4359,27.008,24.034
Q966C6,20.7973,21.0593,21.199,21.5619,24.5173,24.8234,23.0486,24.8336
Q966C6,21.6607,20.5328,20.639,21.7472,26.346,24.2603,25.6919,25.7088
Q966C7,21.5074,21.5894,20.8845,20.5413,19.9904,20.6416,21.2461,20.9865
Q966C7,23.2714,22.006,21.8821,22.6996,22.5351,21.3459,22.2983,21.7377
Q966C7,21.7443,19.9808,20.9694,20.6449,24.6118,23.5218,24.201,21.2448
Q966I8,22.1435,23.0991,22.9029,22.9815,23.6949,21.9515,23.1226,21.2599
Q966K5,20.6761,20.6267,21.1063,20.4492,21.5208,20.7726,21.3017,21.3695
Q966L5,20.3584,21.732,21.2802,20.0463,21.5059,20.521,20.7764,21.3842
Q966M4,20.3401,21.4846,20.9498,21.2924,21.183,21.261,20.608,20.3286
Q966M6,21.7264,20.7171,20.1769,20.7661,23.2055,23.2105,23.3881,22.9129
Q9BI62,21.4983,21.5376,20.5098,21.3548,21.3926,20.2824,20.917,21.1782
Q9BI71,27.8408,26.4504,27.2755,26.6784,27.8474,25.9743,25.2674,25.4123
Q9BI71,27.1875,25.6964,24.8356,26.4719,26.9126,24.2829,24.062,22.6488
Q9BI71,28.8503,28.9083,28.7464,29.1711,28.7489,23.6551,25.7772,26.1803
Q9BI71,21.7646,21.6793,21.328,21.7449,21.5512,20.8138,20.8123,21.029
Q9BI71,28.047,27.9426,27.1045,28.5041,26.6128,24.7598,24.9446,25.4819
Q9BI71,25.1202,24.9947,24.9796,26.5449,25.1214,23.5187,24.5952,24.8486
Q9BKR9,23.9456,22.9826,22.4288,24.5915,24.1804,24.6658,23.5737,23.2992
Q9BKR9,25.0985,22.9277,23.1988,22.9847,21.6682,20.3026,21.0783,21.3603
Q9BKU3,21.3856,21.157,20.0202,21.1002,21.676,22.7245,22.1491,22.6373
Q9BKU5,21.8644,21.5894,20.0657,21.6885,24.3446,23.774,24.2239,23.764
Q9BKU8,21.3997,20.674,20.3169,21.5978,20.9195,20.9961,21.3821,21.3525
Q9BL19,25.3861,25.044,25.0965,25.1923,27.1446,26.0734,21.8362,26.1224
Q9BL19,24.189,23.6469,24.3701,24.4314,25.6195,23.5749,22.4973,24.5806
Q9BL19,20.1082,28.5317,26.8231,27.7082,20.0596,27.4166,28.4036,28.3923
Q9BL19,24.347,22.7707,23.2022,23.2563,24.117,22.5357,22.5629,22.8051
Q9BL19,22.4076,23.4733,23.0114,24.3712,21.7433,21.8201,21.0401,21.5381
Q9BL19,20.3303,21.4303,21.1066,20.4612,20.8644,20.4615,20.7335,20.8992
Q9BL19,21.6424,21.6406,21.3898,21.2191,22.3878,22.5684,23.2288,23.7929
Q9BL19,22.0627,22.0339,22.779,24.2101,24.5704,24.2285,21.2033,23.9256
Q9BL28,21.8614,21.6172,20.3493,20.7377,21.5373,20.6668,21.3061,21.0146
Q9BL39,20.5953,21.1607,20.5134,21.364,20.7567,20.8646,21.2932,20.9184
Q9BL59,22.6961,22.5485,22.295,22,21.9478,20.3353,21.0019,21.0754
Q9BL83,21.1333,21.7116,20.9019,20.9614,25.4499,21.7129,23.3883,23.2194
Q9GRY9,21.2661,21.6668,20.9866,20.5778,21.9568,20.6935,20.9397,20.6641
Q9GRY9,20.3118,19.9667,20.9948,20.9646,21.789,20.7993,21.0837,21.3
Q9GRZ9,23.761,22.6381,22.6148,23.4535,22.7084,21.5972,20.3381,23.0278
Q9GRZ9,22.3754,23.3254,23.4199,23.6404,22.9174,22.4279,22.0283,22.9107
Q9GRZ9,21.9498,21.4261,19.5145,20.8134,21.6635,19.95,21.1014,21.1428
Q9GUE9,21.8623,21.6267,20.4641,20.1825,21.2739,21.238,21.2469,20.5109
Q9GUM7,20.2139,21.6007,19.6114,21.799,21.9292,20.6446,20.7282,19.7633
Q9GUP2,21.3707,21.1315,20.9421,20.5189,20.8143,21.2007,21.2894,20.8803
Q9GUP2,19.1153,20.6173,20.6892,21.4018,24.198,23.0189,24.6082,23.7277
Q9GYF1,20.4572,21.3055,21.2533,21.6427,21.3795,21.1716,21.277,20.3408
Q9GYF1,21.6938,21.633,20.5015,21.6808,22.5925,26.8661,25.2804,26.8288
Q9GYF1,21.3905,20.4564,20.934,21.2641,21.7811,21.1088,21.1786,20.5096
Q9GYF1,24.2661,24.2452,24.4034,23.1213,25.2663,25.2641,23.319,24.2441
Q9GYG4,21.3051,21.1271,21.0242,21.3075,24.092,22.7717,23.9122,24.3778
Q9GYJ9,20.8983,21.5102,22.4635,22.801,24.6859,21.5834,24.8628,23.0652
Q9GYK1,24.6373,24.7107,25.7848,24.3152,23.4944,22.32,21.8689,20.5718
Q9GYK2,21.0519,21.5013,21.4397,21.0208,21.831,20.6996,20.8886,20.6377
Q9GYM4,21.5267,21.6227,20.8369,20.3988,21.3461,20.9506,20.8009,21.214
Q9GYP5,23.5635,24.5891,24.496,24.6776,21.3536,20.9992,20.5066,21.2445
W6RRW5,20.3246,20.6899,21.4862,20.1792,26.247,23.8552,24.0718,24.2285
Q9GYR5,20.333,20.8717,20.1802,20.6622,24.0826,22.721,25.6051,23.7734
Q9GYT5,21.9388,21.0115,19.9542,21.7233,18.9236,21.2632,21.1006,20.9705
Q9GZC8,23.4409,21.3774,21.2481,21.2976,22.4837,21.3699,21.1807,20.8228
Q9GZE9,23.8333,21.3719,22.1921,24.197,24.3031,23.9916,23.6132,20.8535
Q9GZE9,24.3117,25.4972,23.1797,23.4015,26.2849,24.594,24.9735,21.9157
Q9GZH4,20.7869,20.771,20.8173,21.5655,21.7003,21.2287,20.5384,21.1682
Q9GZH4,21.3926,20.4754,21.1132,21.0482,21.1867,20.8844,20.8423,21.3369
Q9N2Y1,24.2386,23.4906,23.2605,24.2636,24.3518,22.8915,24.2922,21.25
Q9N2Y1,20.6491,20.395,20.7941,20.792,21.5304,20.286,21.2489,20.7616
Q9N2Z6,21.3896,20.3636,20.2885,21.5371,21.7479,21.2047,20.5468,21.3003
Q9N2Z6,20.8559,21.0493,19.874,21.5783,23.7528,23.4647,23.8488,23.7099
V6CK48,25.488,23.418,24.1266,24.1228,21.4161,21.2085,21.0996,21.0436
V6CK48,24.6216,24.3143,24.4291,25.148,21.5533,19.957,20.3678,20.9291
V6CLC9,23.339,22.8956,22.5609,23.2507,21.6365,21.1321,20.2017,20.5054
Q9N321,23.3965,22.4897,23.2394,24.2169,25.1239,22.1889,23.3862,23.1021
Q9N358,22.8575,22.6534,21.8089,23.0915,23.6877,21.1992,21.8507,20.8259
Q9N358,21.8709,22.9207,22.7359,22.3318,22.231,21.5912,23.6718,23.201
Q9N362,25.4729,27.5402,26.7673,27.5391,26.1892,24.4456,23.7458,25.0066
Q9N370,24.3104,25.1162,24.2059,24.0682,25.2173,23.2429,24.8975,25.1333
Q9N370,25.305,24.3629,23.9439,24.217,26.3953,24.1739,23.3884,26.0434
Q9N370,21.0365,21.6478,19.9199,21.1602,24.249,22.4552,24.1331,23.1463
Q9N370,24.9674,24.2777,24.1973,23.6802,25.8638,21.7302,23.7319,22.2208
Q9N381,26.2732,26.411,24.9877,24.723,26.762,25.4363,25.1811,26.4734
Q9N381,27.914,26.4154,27.764,28.3338,21.8396,20.8623,21.0883,21.2767
Q9N393,20.5745,20.3017,21.1508,20.5979,21.0313,20.9575,20.7172,21.3844
Q9N393,21.7253,19.8731,20.5955,20.1265,21.7082,19.8991,21.1555,20.4137
Q9N3A9,24.5142,23.366,25.0424,25.2795,25.9241,22.7889,22.9236,20.8667
Q9N3D0,21.0668,21.5687,20.6676,20.0802,24.6249,24.1359,23.4278,23.5462
Q9N3D1,24.9715,23.5079,23.4882,24.2435,24.8309,26.223,27.3924,26.3194
Q9N3F7,24.6285,23.1181,23.5822,23.8525,21.6812,20.6779,20.8557,19.7346
Q9N3G2,21.5663,19.9638,21.5775,22.928,23.5983,24.0623,21.2839,22.3699
Q9N3R5,24.836,23.2484,23.2984,22.9892,21.9207,20.9848,20.6018,20.8187
Q9N3S8,20.6397,21.3235,20.0122,21.4103,21.1865,20.544,20.9691,20.2121
Q9N3S8,21.4694,21.0438,21.3956,21.5606,21.6748,21.2316,20.8501,21.2669
Q9N3U9,27.928,27.1516,27.2281,27.5821,27.5983,26.1492,25.8083,22.8395
Q9N3U9,24.8379,24.356,25.6248,25.8591,21.9629,20.8877,20.6856,20.4544
Q9N3X2,21.6282,21.5408,21.3946,20.8558,24.7892,21.5591,22.553,20.2729
Q9N3X2,23.1885,22.7687,23.2158,22.882,24.0396,22.5056,21.406,22.5093
Q9N3X2,22.9007,24.3272,23.1508,24.4213,25.9182,23.3203,23.0939,23.5122
Q9N3X2,24.9671,25.1314,26.3815,27.3943,24.842,21.649,22.8083,22.6406
Q9N3X2,24.9301,25.5535,23.9279,25.0917,26.2445,26.6432,26.2648,25.648
Q9N3Y1,21.7035,20.3475,21.3531,21.0961,21.6891,20.7095,21.3572,21.27
Q9N456,20.8691,21.6173,19.3129,21.4632,22.4717,21.6452,21.4267,21.729
Q9N456,21.5152,19.7333,20.9185,21.9043,21.4096,21.0914,21.3746,21.1598
Q9N456,20.6043,20.3166,21.0918,21.294,21.3696,20.9655,20.0372,20.582
Q9N492,22.6484,22.2372,20.0605,20.7549,21.5598,19.5004,20.1101,21.4078
Q9N4G8,25.5667,24.9216,25.027,26.3372,24.446,22.474,23.3448,23.5699
Q9N4G8,21.5486,23.9585,24.5077,24.7943,25.3359,25.1313,24.3358,25.5392
Q9N4G9,20.869,21.4723,20.7737,20.139,23.6381,22.4555,22.6918,22.8975
Q9N4H7,26.0801,26.4088,27.4875,26.2835,21.8893,21.0795,20.8663,20.5812
Q9N4H7,26.0801,26.4088,24.6068,24.9016,21.0911,20.8536,21.0436,21.2517
Q9N4H7,21.5121,20.9359,19.5275,21.5538,23.3285,22.1229,22.4891,22.4057
Q9N4I3,21.8624,19.9337,20.976,21.7761,21.5253,20.8347,20.5461,21.1494
Q9N4I3,21.0008,20.8798,20.8059,21.8805,20.7988,19.5675,20.2785,21.3709
Q9N4I3,20.9303,20.1243,19.7731,20.6367,20.9475,21.2109,20.4569,20.8574
Q9N4I3,21.6146,23.7227,23.4728,21.8684,21.8098,20.9531,21.2228,20.7743
Q9N4I3,21.13,20.8265,20.4674,20.4719,21.3358,20.5555,20.8845,20.9839
Q9N4I3,21.473,21.3674,21.059,21.6889,21.0133,20.1274,21.1441,21.2413
Q9N4I4,25.657,24.2292,25.4665,23.796,26.3103,23.4156,22.1405,23.6127
Q9N4I4,22.8552,22.7247,23.038,23.4422,23.6642,21.288,21.3115,22.2308
Q9N4I4,25.9034,25.9584,23.75,25.6953,26.9326,25.2208,25.2775,23.3032
Q9N4I4,24.1431,24.8625,24.8226,25.6141,27.5209,25.0422,24.3578,24.6164
Q9N4J2,23.5927,23.7801,22.4126,23.9289,22.8539,23.4303,23.0491,21.1903
Q9N4J8,23.6189,23.6019,22.7059,23.5106,24.4432,24.1759,23.3684,23.8886
Q9N4J8,21.9478,21.5935,21.3229,20.5852,22.9048,21.0954,21.6164,21.5694
Q9N4J8,22.5485,21.6031,21.9026,21.726,23.4408,21.9524,23.1405,23.826
Q9N4M4,22.2782,20.9575,22.2835,22.4421,20.791,21.2328,20.211,20.9782
Q9N4M4,24.5146,24.0199,21.5389,22.7937,22.5613,23.9034,25.1896,23.5885
Q9N4M4,21.3461,21.459,20.8149,20.6783,21.856,21.1013,21.2807,21.3392
Q9N4M4,22.0843,22.0334,21.8324,23.2851,19.4242,21.2647,20.5386,21.3094
Q9N4M4,21.8942,21.6297,20.9571,21.262,21.4254,20.9994,21.1584,21.3532
Q9N4M4,21.9684,21.6228,20.9215,21.6056,21.3322,21.161,21.0088,20.8064
Q9N4P0,23.7768,23.1413,24.3603,23.8839,21.9171,19.8726,20.7045,21.3151
Q9N501,20.7228,21.3134,21.0481,21.5904,27.6081,25.8489,26.0569,25.7243
Q9N537,21.7088,21.7812,20.1518,21.6093,21.7766,21.2539,20.3526,21.0791
Q9N537,20.4543,21.1239,20.071,21.811,21.8867,20.4137,20.7814,21.21
Q9N538,23.6183,25.6394,25.3313,24.709,25.302,22.861,24.9212,23.4538
Q9N588,24.9135,24.1716,24.7643,25.1102,21.6882,21.1779,21.2524,21.2111
Q9N599,21.4168,20.6749,21.1667,21.1937,21.8654,20.9938,21.2986,21.0985
Q9N5B7,20.6957,21.0884,20.0902,21.8903,21.7752,20.4773,21.0685,20.8758
Q9N5B7,21.0792,21.496,20.8285,21.7469,21.7514,20.9434,21.3519,21.382
Q9N5L4,25.1095,24.2621,21.9812,24.808,24.0615,22.0999,22.6782,23.2296
Q9N5M2,21.1836,21.2274,20.2497,21.9146,20.6689,20.8781,21.0443,21.1127
Q9N5M3,21.9499,20.8431,21.076,21.7095,23.3561,22.2102,22.1175,23.0948
Q9N5X6,20.8402,21.763,19.3138,21.0048,21.6473,20.6841,21.3052,20.4207
Q9NA39,21.4152,21.408,21.4704,21.774,21.5814,19.8708,21.2317,21.028
Q9NA39,23.5111,23.7642,21.8236,23.6005,24.5428,23.9973,21.7897,23.7504
Q9NA82,22.521,23.6003,23.5924,22.0217,22.7982,21.2118,21.3184,21.7393
Q9NA91,25.927,26.2317,25.1955,25.5485,26.1942,24.2189,25.1544,25.0819
Q9NA98,21.6157,21.2051,21.2415,21.2755,22.9347,22.6485,21.6646,21.669
Q9NA98,21.3218,21.0775,21.3855,21.6925,23.9449,25.2677,23.0267,26.0133
Q9NAF9,21.7225,20.9215,20.2235,20.5641,21.57,21.2195,21.2141,21.1267
Q9NEI8,21.1871,21.724,20.7545,21.6307,24.0232,23.3189,21.3742,23.0172
Q9NEN6,21.9139,21.1835,21.4144,21.4055,23.456,23.7822,21.1394,23.3866
Q9NEN6,25.3744,22.4643,23.1883,23.8227,23.8294,20.4337,23.0126,23.5177
Q9NEN6,21.9168,21.3915,21.3762,21.3205,24.1858,24.4834,24.0944,24.5686
Q9NEN6,28.3119,27.2525,26.9922,26.5673,28.7878,24.9437,26.0648,24.3291
Q9NEN6,24.0124,23.3712,25.1038,25.9664,24.2056,21.0876,24.1722,22.2648
Q9NEQ0,27.9199,26.9935,26.7196,27.8409,30.4865,29.6186,29.8989,26.19
Q9NEQ0,24.3059,22.3983,23.4038,23.9246,27.0179,25.6879,25.4433,25.2885
Q9NEW6,21.7125,21.629,20.3594,21.7618,25.3364,22.8386,22.4207,21.037
Q9NEW6,21.8028,20.4768,20.7319,21.7122,21.494,20.5898,20.6842,20.9078
Q9NEW6,21.6931,21.6999,20.8851,21.3783,21.0112,21.1711,20.8653,21.2139
Q9NEW6,22.2342,22.5881,21.2811,21.6338,24.8394,22.6883,23.056,22.3552
Q9NEZ8,24.9126,24.7741,25.1004,25.5557,24.6598,21.962,24.7193,22.6552
Q9NGJ7,21.4615,21.7327,20.397,21.8655,21.6871,20.7912,21.1125,21.3852
Q9NGT3,23.8317,23.3227,22.5164,24.9501,22.0595,21.404,23.313,21.2687
Q9NLD1,23.311,21.8654,21.8527,23.0279,21.4607,20.4502,20.9269,21.3712
Q9TW67,25.3912,24.8657,23.9567,24.9578,25.4975,21.2829,21.7185,22.863
Q9TW67,25.2625,24.3901,23.4946,25.3562,25.194,24.6862,22.5361,23.7666
Q9TW67,23.4475,23.7373,21.8632,23.3822,24.3724,23.4322,24.1397,24.4882
Q9TW67,21.6609,21.5488,21.2901,21.1507,21.2088,21.0761,21.0064,21.3495
Q9TXH9,19.6427,20.7947,21.1878,21.8143,20.5026,18.9005,20.3575,20.7223
Q9TXH9,21.7792,21.2621,20.12,20.1237,21.6017,20.8642,21.2536,20.9682
Q9TXH9,21.2537,21.5234,20.7582,21.5106,21.5474,20.9402,21.3393,21.3791
Q9TXH9,21.6283,20.5993,21.4857,21.7785,21.8972,20.8405,20.7143,19.9572
Q9TXH9,25.0659,25.6419,25.0539,24.2513,25.5408,25.445,23.6781,23.2542
Q9TXH9,21.206,20.1616,20.2408,21.269,21.0502,21.0555,20.8088,20.9022
Q9TXH9,20.9873,21.6678,21.4996,21.1044,21.7592,21.2465,21.3451,19.9734
Q9TXH9,23.8682,22.422,22.7463,25.2364,20.8478,21.2024,20.7589,20.9191
Q9TXI3,21.8897,21.2521,21.2914,21.5772,21.4326,21.2262,20.9886,21.1693
Q9TXN6,21.6475,21.2567,20.4628,21.5773,21.5601,21.004,21.0729,21.354
Q9TXN6,23.3403,22.0423,23.7306,24.8643,23.4616,21.279,22.06,22.8729
Q9TXQ1,22.2487,24.1556,23.845,23.6683,25.3566,23.7162,25.0896,23.3289
Q9TXQ6,25.5629,23.2532,24.3245,24.7266,21.7817,20.8091,20.965,21.3073
Q9TXU1,21.2374,18.9542,21.1737,21.5472,21.7087,19.3908,21.316,21.176
Q9TXV8,21.326,21.9244,21.6232,22.1917,21.5977,20.3764,20.8052,20.6463
Q9TXV8,21.0122,20.3494,20.0943,21.8761,24.8882,22.6245,21.7427,22.3987
Q9TXZ9,21.9709,21.6279,20.4397,21.7354,21.7606,20.7696,21.2746,20.7073
Q9TYK1,21.0624,20.1338,20.9439,21.8346,21.953,20.9968,21.3502,20.8008
Q9TYP8,21.9674,21.0992,20.6581,20.4788,25.3241,23.4899,21.988,24.4453
Q9TYP9,26.1689,26.791,24.8346,26.3358,28.3804,24.5839,24.73,26.3878
Q9TYP9,20.5046,21.1563,19.5472,20.8611,21.3854,19.8961,21.0665,21.3752
Q9TYP9,21.5365,20.1615,21.5201,20.6306,21.5225,20.9499,21.3514,19.8903
Q9TYS3,25.1129,25.1248,25.6224,24.5667,28.7213,26.0862,25.5657,26.2923
Q9TYT8,25.1307,24.0671,24.7106,25.8299,21.6429,21.2542,20.0456,20.942
Q9TZ26,22.6139,23.0742,22.9638,22.6065,22.6423,24.2436,23.1358,24.021
Q9TZ58,21.9566,20.9751,20.6072,20.3783,21.6016,21.0761,20.4294,20.5198
Q9TZ69,21.1992,21.2516,21.0641,20.5461,21.9034,20.7066,21.0823,20.9421
Q9TZ69,23.945,23.3351,22.9501,23.8025,25.8149,24.5066,24.3028,23.5439
Q9TZ69,25.2371,24.8366,25.0016,26.0922,26.5472,23.3692,24.5841,25.769
Q9TZ69,24.4413,24.1636,24.7404,25.237,26.6423,24.4465,24.4732,25.2651
Q9TZI1,20.6364,20.6835,20.9076,21.5423,20.2345,21.2015,21.0712,20.2079
Q9TZI7,21.9558,21.4903,20.1299,21.4456,21.7904,20.2339,20.6174,21.005
Q9TZL8,22.4872,22.2163,22.0635,22.6023,23.9125,24.464,23.9004,23.0976
Q9TZL9,21.0676,21.4863,21.2172,19.2252,26.2087,24.7682,24.464,24.3701
Q9TZL9,20.749,21.1768,20.2276,20.8221,23.9627,25.0211,23.3587,25.3065
Q9U1P6,24.3543,25.7721,24.5177,24.7661,23.3116,24.0917,23.7941,24.1486
Q9U1Q1,21.7795,19.7646,21.2893,21.5023,25.3498,24.5478,23.4519,25.867
Q9U1Q4,22.6689,23.9001,22.982,23.8548,21.3823,20.8802,20.5215,21.1656
Q9U1S8,23.4643,22.7015,22.4447,22.1495,22.5889,21.0805,20.4829,22.015
Q9U1W0,24.6843,23.6548,23.554,25.3745,21.6014,20.6136,20.5214,21.1098
Q9U1W1,25.4529,25.5398,25.1353,25.0054,24.3825,24.579,26.1567,24.9826
Q9U1W1,21.5077,21.3134,21.2672,21.6152,20.6533,21.1277,20.1799,20.3298
Q9U1W8,20.062,21.497,19.7785,19.5083,19.4704,18.4368,20.401,21.0422
Q9U1W8,21.4084,20.9138,21.3296,21.5539,21.7837,20.5075,21.3625,20.7112
Q9U1X8,21.1744,21.3135,21.0229,20.8367,25.1504,24.8849,23.6023,24.5344
Q9U1X9,25.616,25.0481,24.4822,24.8778,27.6261,26.72,27.1954,26.2193
Q9U1X9,21.4221,20.9836,21.3691,20.9825,25.9703,26.2739,26.465,26.3692
Q9U222,21.1757,21.5212,21.1984,21.4755,21.3755,21.172,21.2913,21.3055
Q9U228,19.8233,20.6981,21.3545,21.777,21.2837,21.2518,20.5045,21.1005
Q9U275,21.2484,20.5865,20.5583,21.403,21.7424,21.1357,21.2722,21.1961
Q9U275,21.5971,21.7205,21.1282,20.5005,21.4637,21.0292,21.2475,21.4145
Q9U275,24.863,24.597,23.2636,24.5334,24.9725,22.108,21.7637,19.3343
Q9U280,22.4491,24.0518,23.9181,24.8193,21.8973,20.986,20.5351,20.6736
Q9U2C3,20.0593,21.1661,19.8874,21.591,21.852,20.8406,20.7674,21.2832
Q9U2C3,21.8765,21.7428,23.5031,22.2879,21.3896,20.1966,20.9222,20.7222
Q9U2F6,21.7479,20.8994,20.9521,21.5567,22.4374,20.573,20.8542,21.9885
Q9U2G5,19.9962,20.9724,20.7157,21.6603,23.494,23.5699,26.0071,23.1157
Q9U2G5,21.1234,21.7531,20.9232,21.8233,21.0618,20.3874,21.2771,21.4021
Q9U2H9,20.466,20.2355,20.7259,20.4164,20.0391,19.8924,21.2419,20.7038
Q9U2H9,21.9586,21.56,20.5984,22.8053,23.568,23.0991,22.8332,24.1213
Q9U2K5,21.7368,20.5496,20.7284,21.3746,21.7069,19.9113,21.1495,20.3244
Q9U2Q8,21.8547,20.6398,20.375,20.9202,24.0573,22.7616,24.475,22.8277
Q9U2Q8,24.0771,23.8925,21.5426,22.0719,24.1219,24.2675,24.0124,25.0633
Q9U2Q8,21.8124,19.5801,21.1802,20.0108,21.4882,20.4195,20.4939,20.1973
Q9U2Q9,21.7302,21.0396,21.3025,21.2432,21.8847,21.1057,20.9251,21.3997
Q9U2S4,25.0793,21.7306,23.2442,23.1178,23.1967,24.2345,24.9855,23.444
Q9U2S4,21.3616,21.7557,21.0913,21.5388,21.7763,20.7409,21.0189,20.0924
Q9U2S4,21.7041,19.7833,21.0543,20.9434,21.4325,21.2316,21.2772,20.683
Q9U2V9,21.0974,21.6958,20.4658,20.5088,20.8076,20.9602,19.8998,21.0798
Q9U2V9,20.7628,20.6997,21.5137,21.516,21.4063,20.8653,21.0051,20.4494
Q9U2V9,21.6845,21.3944,21.4827,21.7594,21.4592,21.0855,20.9578,20.9886
Q9U2X0,25.7297,24.5213,23.6898,23.7864,24.134,23.77,22.7392,24.4062
Q9U302,24.2832,23.6477,24.1839,23.4694,23.7593,20.5236,23.6133,23.1376
Q9U302,25.3845,28.2449,25.338,26.0231,27.9837,25.7995,27.945,23.9067
Q9U302,21.1426,21.5506,21.0807,21.7827,20.8724,21.2505,20.9959,21.2606
Q9U302,22.4898,20.7431,22.1912,22.1373,23.66,20.7335,22.4195,21.593
Q9U302,20.8467,20.6794,20.6231,20.6128,21.7304,21.0571,20.6768,20.7901
Q9U302,21.2758,22.9203,22.1447,22.9438,25.8109,22.6039,24.6324,25.1334
Q9U302,26.9281,26.4729,25.0041,26.1263,26.6708,26.6609,25.6947,25.313
Q9U302,24.7718,24.843,24.3926,24.3948,26.4623,26.423,25.6611,25.6818
Q9U302,24.4506,24.8296,23.6378,24.4491,25.1364,25.1913,25.0252,25.2235
Q9U302,20.9242,25.9972,24.9336,25.652,24.7074,23.7023,24.3101,21.9236
Q9U330,20.4989,20.5805,20.3491,21.6219,21.3834,20.8595,20.8075,20.1067
Q9U332,24.5889,24.0662,24.4629,23.7672,25.4342,24.4169,23.6721,21.6362
Q9U332,21.4704,21.6996,21.477,21.594,26.2138,25.0664,26.0672,25.1996
Q9U3C0,20.7827,18.9393,20.8632,20.9948,20.4323,19.7896,20.9378,21.3201
Q9U3C8,21.5861,21.6017,20.0208,21.3656,20.9466,20.9747,21.0628,20.4742
Q9U3K5,23.5568,22.2225,23.012,24.9245,21.7716,20.9684,20.7433,20.639
Q9U3K5,24.0523,24.4141,23.3035,22.7296,22.1097,19.718,21.2421,21.5187
Q9U3K5,20.7216,20.3876,20.9414,21.0522,21.552,20.8958,20.2518,21.3999
Q9U3S8,21.3648,20.8952,20.2456,21.5423,21.9143,20.2052,21.3793,21.2496
Q9U5C1,25.4947,24.2132,24.8822,24.8683,26.6985,24.8674,25.7913,25.0585
Q9U5C1,30.2383,30.3329,29.3783,30.1652,30.5679,29.6477,29.878,30.2905
Q9U5C1,23.865,21.9695,22.4297,22.2397,25.4995,22.1554,22.6928,23.3013
Q9U5C1,25.6308,23.6103,23.9992,23.2316,24.2813,26.1155,25.228,25.6875
Q9U5C1,24.9249,24.756,25.3342,26.347,27.5594,24.6783,24.5632,26.1683
Q9UAQ6,25.149,24.7855,25.0121,25.2409,21.3954,19.6682,20.6588,21.1262
Q9UAQ6,25.5791,24.7997,24.885,25.3845,23.8747,23.2128,23.2511,22.0803
Q9UAQ6,25.2831,24.3789,24.4955,25.6535,25.9854,24.4072,24.4176,25.7746
Q9UAT3,26.1248,23.749,25.5463,26.2718,25.8005,25.3549,23.7908,24.4948
Q9UAT3,26.1505,25.3422,25.4252,25.922,27.1173,26.0034,24.7311,25.2882
Q9UAT3,27.8176,27.19,26.5957,27.7565,26.8398,26.3573,25.3817,26.3372
Q9UAW9,21.6837,20.8956,19.1123,21.9136,21.7638,20.5983,21.3352,20.7174
Q9UAZ6,24.7267,24.9157,24.3993,25.6493,25.7797,23.7301,23.4124,23.804
Q9XTB5,26.7476,27.5979,25.3839,25.6238,23.6379,24.6807,23.9607,24.2471
Q9XTT9,21.7274,21.0736,20.618,21.3617,25.2974,23.6026,23.5263,23.61
Q9XTT9,23.5051,22.6358,23.2887,23.9161,25.6653,24.0144,23.8708,23.7056
Q9XTU6,25.5024,25.6283,25.2253,24.6177,27.0355,26.6653,25.7758,26.9092
Q9XTU6,21.1615,20.3216,21.1907,20.4562,23.0393,22.6913,23.624,22.6712
Q9XTV4,20.8487,20.1836,21.2035,21.8269,21.1872,19.8948,20.8831,21.0231
Q9XTV4,22.0292,20.8789,21.2374,20.9748,22.3489,20.6715,22.0778,20.1847
Q9XTV4,19.6006,19.9955,20.4675,21.7496,20.8267,21.2507,20.7705,21.2158
Q9XTZ4,21.7063,20.7356,21.1652,21.6226,21.5634,20.9248,19.2426,21.1167
Q9XU13,21.937,21.2327,20.9637,20.788,21.7656,20.836,20.4776,21.0652
Q9XU15,21.7776,19.6514,21.017,21.8068,26.2551,25.5685,23.7626,24.7725
Q9XUB2,20.2662,21.4172,20.8259,20.0881,21.0889,20.8686,20.7347,21.0828
Q9XUB7,24.8781,24.7095,23.2617,24.3592,24.4584,22.133,24.6394,23.5116
Q9XUB7,23.0654,21.6607,22.5198,23.626,24.2029,21.7113,21.8977,22.6364
Q9XUR4,24.4862,24.7403,24.0554,24.3977,23.0594,20.3914,22.7998,21.4855
Q9XUR4,21.8774,21.5736,20.9836,20.8968,20.9889,19.1741,21.2985,20.4159
Q9XUR4,19.71,21.3467,20.9848,20.8054,21.5123,21.225,21.0961,19.4369
Q9XUS9,23.4645,22.5416,22.1542,23.0888,21.7713,20.644,20.9411,21.1982
Q9XUU8,21.9,21.278,21.1361,21.0772,21.5866,21.2622,20.7098,20.8119
Q9XUU8,19.0356,21.6853,21.4529,20.7723,21.4424,21.1421,20.7772,20.8765
Q9XUU8,25.5699,23.9446,23.4256,24.7846,26.8031,25.4318,25.907,24.3523
Q9XUV0,24.7126,22.0943,23.3466,23.7251,20.5155,19.7928,20.8518,20.6052
Q9XUW5,20.6972,21.3829,20.3702,20.5381,21.185,20.3026,21.3593,19.8161
Q9XUW5,20.7722,20.6489,21.3204,21.3214,22.3888,19.2468,21.1702,21.4434
Q9XUW5,20.3859,19.9213,21.3453,20.7923,24.4574,23.6208,24.2648,23.8883
Q9XUY1,21.5983,20.2859,19.8617,21.9239,22.125,21.9865,21.7126,21.5605
Q9XVA4,25.2385,21.2938,21.6418,22.5074,21.5554,20.9401,21.1831,21.4017
Q9XVA4,26.7218,26.9753,24.5979,26.0894,24.89,22.3872,22.6313,23.2139
Q9XVA4,24.3857,24.2082,25.1027,25.1898,21.3838,20.5112,21.0551,21.2734
Q9XVA4,25.0079,25.5971,23.0834,25.545,21.8209,20.7064,21.3244,20.6348
Q9XVA4,24.0269,24.8027,24.4632,25.0997,23.7795,22.476,21.98,22.404
Q9XVA4,21.2054,21.5404,20.9185,21.8223,21.3122,21.1748,19.9847,21.3707
Q9XVA4,25.2068,24.3033,24.3761,25.0244,21.5613,19.4424,21.0013,21.2708
Q9XVE9,30.0217,28.495,28.6188,29.1768,30.9516,27.8862,27.9748,27.0596
Q9XVE9,24.5062,25.1497,25.2639,25.1618,26.7506,26.2871,23.7447,25.7309
Q9XVF7,25.9057,24.7892,23.07,25.6455,24.7617,23.063,23.3562,25.9937
Q9XVF7,28.3305,28.016,25.8677,28.3224,29.2643,27.2653,26.7732,27.6171
Q9XVH6,24.6734,22.155,22.7597,22.0343,21.485,20.8271,21.0964,21.0186
Q9XVH6,22.0675,21.4695,21.5929,23.0187,19.7997,20.443,20.9225,20.8621
Q9XVI9,21.4799,21.1964,20.5045,21.4738,21.5539,21.0792,21.1427,19.8702
Q9XVJ2,21.7024,21.6914,22.5928,20.7121,21.0448,20.6563,21.3768,21.254
Q9XVJ2,21.7944,21.3783,20.4732,21.6184,20.0942,20.0012,20.7056,21.006
Q9XVJ2,24.5485,23.8384,23.2521,24.1147,24.0248,24.4094,23.6006,21.8273
Q9XVJ3,25.6409,24.6525,24.3651,25.5816,23.0795,20.4162,20.5495,21.6385
Q9XVL1,22.8857,21.7598,20.0533,22.3338,24.0804,22.5425,22.071,22.6519
Q9XVL1,21.1205,20.7143,21.2253,21.2326,21.8042,21.0779,19.7057,21.3784
Q9XVL1,21.4854,20.605,21.0932,21.1213,21.1912,21.1704,20.0983,20.971
Q9XVP0,22.6694,22.0764,23.0244,22.5903,22.3791,23.999,21.7284,21.7214
Q9XVP0,26.683,25.7136,24.1725,25.7039,28.9447,27.4557,26.4715,26.9953
Q9XVP0,25.3467,24.7745,25.3106,25.7377,26.4221,24.1096,23.8235,23.8851
Q9XVP0,23.7745,23.056,24.4272,24.8502,26.8017,24.3318,24.2324,25.0032
Q9XVP0,26.6167,25.1535,23.5282,22.404,26.5543,24.5297,24.2714,22.4448
Q9XVP0,24.6562,25.6195,24.3743,22.0316,26.4401,25.2979,25.5179,25.4515
Q9XVR6,28.1293,28.9773,28.7019,29.0894,28.3612,26.741,25.4352,26.9849
Q9XVR6,21.6811,21.7693,21.3568,21.1383,25.3216,24.7049,25.4306,23.7361
Q9XVU3,24.3966,24.0421,23.275,23.4113,23.1166,22.4756,24.456,23.7828
Q9XVW1,23.1562,21.5339,19.8557,20.4992,24.6444,25.2792,25.2523,25.216
Q9XVW9,23.8165,24.2198,26.6741,26.2339,20.4433,20.2732,20.2396,21.1215
Q9XVX5,21.2335,21.5248,20.8969,20.4571,23.4029,22.2883,23.562,23.6153
Q9XW16,23.4192,22.1445,24.7762,22.9753,24.3202,22.3638,22.6976,22.3956
Q9XW16,21.9125,21.5959,21.4386,20.9786,21.7962,19.6358,21.1956,21.2406
Q9XW17,20.2454,20.4297,21.4441,21.3173,22.9598,22.3924,21.8934,23.8054
Q9XW17,21.6109,21.5596,20.2933,21.483,26.5818,24.2473,23.8119,25.046
Q9XW17,21.5434,21.6748,20.7911,20.2531,24.7965,23.0582,23.7572,23.1871
Q9XW17,24.0031,23.6557,23.3512,23.8886,23.4018,22.791,22.856,23.6685
Q9XW17,26.1835,24.994,23.3534,25.3641,26.6521,23.2899,24.3602,23.464
Q9XW17,22.3568,20.3486,19.033,20.5777,22.7167,23.5159,23.5829,25.3382
Q9XW17,23.4461,22.9085,22.3869,22.8992,24.776,24.4083,22.992,24.2193
Q9XW17,21.015,21.1114,21.1231,20.9749,21.8294,21.0012,21.0331,20.9801
Q9XW20,24.5992,23.6961,24.5919,24.7194,25.5413,21.4997,23.1442,24.1003
Q9XW20,25.9527,26.1753,24.3999,25.2097,25.5682,23.5531,22.8796,24.5417
Q9XW20,21.1291,21.0438,20.8584,21.6022,24.2162,23.4585,23.2436,24.8878
Q9XW37,18.8231,20.6913,20.9289,21.9163,22.6287,22.015,22.9735,23.7536
Q9XW37,21.7524,21.3403,19.8911,21.508,20.685,20.4581,18.6647,20.6609
Q9XW41,21.3941,19.9217,21.3823,20.5047,21.3346,20.1358,20.6959,20.6111
Q9XW68,22.4146,22.2546,21.3717,23.282,22.9553,22.5892,23.0534,20.7055
Q9XW92,21.754,21.7183,21.374,21.4657,21.3167,20.147,20.291,21.1734
Q9XW92,23.9795,23.5145,22.3108,24.5362,23.642,22.8452,21.317,25.0037
Q9XW92,21.8211,22.3318,24.5217,24.5975,21.8605,20.395,20.777,20.9962
Q9XWC5,23.0829,22.6425,22.0285,22.4984,24.8963,25.1216,23.8232,24.5194
Q9XWD5,22.1696,23.4473,23.6193,22.5693,22.2958,22.4817,22.9631,20.2852
Q9XWH0,22.9666,22.1722,21.6421,22.5718,24.0042,24.1838,24.2879,24.4054
Q9XWH0,21.3188,20.386,21.5318,21.9095,20.7423,20.8673,21.1279,20.4236
Q9XWI0,21.8141,21.0959,20.495,21.8237,21.8423,20.4292,20.4045,21.2214
Q9XWK2,24.9262,25.2466,23.8086,25.3645,23.2066,22.5613,23.8147,24.4781
Q9XWK2,24.4295,21.6992,20.8081,22.2121,22.2853,21.9258,21.4196,21.1963
Q9XWK2,25.2492,25.6458,25.2235,26.7825,21.0148,21.2411,20.411,21.5551
Q9XWK2,20.5634,20.7664,20.0852,21.1621,23.2451,22.2649,20.3961,22.3642
Q9XWK2,24.2474,23.6635,24.4446,25.4119,21.7824,21.1414,21.3179,20.1638
Q9XWK6,21.8567,21.03,20.5573,21.5435,23.1549,21.5192,23.1433,20.9058
Q9XWP7,22.6541,22.9917,22.6114,23.4393,22.646,23.0511,24.8551,25.3254
Q9XWP7,23.5691,22.9574,23.1433,23.3784,20.9476,20.6583,20.9157,21.374
Q9XWP7,21.9048,21.7355,20.921,21.1713,20.7191,20.9024,21.3446,20.2552
Q9XWR7,24.2962,23.3086,24.2892,23.4174,24.9892,24.2092,21.7304,22.8694
Q9XWS4,20.9309,21.4168,20.6041,21.6401,23.5283,23.8804,23.4278,23.9242
Q9XWU3,21.5538,21.3288,20.1708,20.9288,21.2684,20.8072,20.4975,21.0489
Q9XWV6,19.6782,21.3243,21.2346,20.9199,20.8484,20.871,20.9387,20.657
Q9XWV6,20.8094,21.0832,21.1278,21.2108,21.7479,21.0416,19.089,20.9894
Q9XWW1,20.1646,21.4218,21.034,21.4056,21.829,21.1866,21.3592,21.4179
Q9XWW1,21.756,21.6725,20.7626,21.2704,21.806,20.3281,20.1248,21.0279
Q9XX15,20.5195,20.7274,21.1645,21.4276,21.815,21.0242,20.8785,21.2519
Q9XX57,23.9965,23.681,24.4076,24.7834,26.6861,23.336,22.5196,23.4604
Q9XX57,21.4158,20.0388,21.4798,21.7919,21.5522,21.0987,20.803,21.0418
Q9XX62,23.0737,21.7413,23.2051,23.2046,19.7939,20.4088,20.6622,21.0599
Q9XXD0,20.7429,19.8603,21.2455,20.8478,20.1876,20.5425,21.1078,20.8914
Q9XXE2,21.8099,19.924,21.0618,21.4211,21.883,21.2587,21.0871,20.0525
Q9XXF9,21.9138,19.5007,21.2747,21.4875,22.2487,21.2726,19.815,21.0768
Q9XXI9,19.5367,21.4943,20.5977,21.8403,21.6539,21.0686,20.8106,21.3854
Q9XXQ9,21.9161,21.6956,20.5036,20.9085,19.6651,22.1481,25.0458,22.5162
Q9XXQ9,21.5291,20.9946,21.1906,20.7652,24.1478,22.2478,21.1673,22.5162
Q9XXR3,25.3977,23.3726,24.312,25.7126,27.3456,26.0285,26.9557,25.978
Q9XXR3,24.7102,24.3993,23.9963,23.4068,26.3514,24.8376,25.1882,26.8078
Q9XXU9,21.1929,21.0024,21.3089,21.5808,21.1033,21.1237,21.0772,21.1776
Q9XXU9,21.2678,21.2252,20.1606,21.3984,21.8914,19.5256,20.6998,20.9436
Q9Y194,21.306,21.1647,21.1271,21.4253,24.8576,23.5882,25.1246,25.0288
U4PBC2,26.7194,26.7696,26.6373,25.2546,23.2335,23.0783,24.3953,24.0233
U4PCA8,21.3748,20.8047,20.0296,21.4077,21.6917,20.0126,20.6655,20.9666
U4PCA8,20.3765,20.7903,20.4896,21.8956,21.2352,20.983,21.3714,20.8236
U4PET7,20.296,21.4916,21.2425,21.2105,21.9354,20.2095,21.2189,21.1815
U4PFF3,23.6552,23.0845,23.0891,24.0317,25.0777,23.7179,23.1671,25.8445
V6CKI4,21.7003,21.6918,21.2302,21.3866,21.4193,20.3988,20.7599,20.8067
V6CKI4,25.303,22.6677,24.5403,25.5223,21.7345,20.6881,20.9659,20.0364
V6CKI4,20.5984,20.6062,21.3643,20.7387,23.3915,20.3873,23.2764,24.6275
V6CKI4,21.6621,20.3951,21.0454,20.7882,21.4293,20.614,20.8877,21.0649
V6CKI4,21.7199,21.6867,21.3788,21.5644,21.3355,21.0109,21.1079,21.3571
V6CKI4,23.9799,25.2105,22.6845,25.1532,21.2899,20.523,21.2591,20.0667
V6CKI4,22.228,21.6929,22.3755,21.8978,21.498,20.7607,21.3636,20.5162
V6CKI4,21.7479,21.7573,21.1779,21.6633,21.93,20.5749,20.7184,21.3311
V6CKI4,22.1637,22.9369,24.3178,24.8991,21.913,20.4175,20.6288,19.6425
V6CKR1,23.3256,23.0062,24.9179,24.5034,25.4062,23.5798,21.3689,23.5977
V6CLU0,22.1467,21.4931,21.2876,21.1743,22.9712,22.8672,21.2554,21.7508
X5LX59,23.1271,22.001,22.3902,22.2335,24.0994,24.7423,23.2806,24.4704
